****************************************************************																																
*   THIS FILE WAS GENERATED BY DIRECT DOWNLOAD ENTERPRISE.     *																																
*   PLEASE DO NOT CHANGE IT MANUALLY.                          *																																
****************************************************************																																
%_DYNPRO																																
ZQMR0280																																
0400																																
731																																
                40																																
%_HEADER																																
ZQMR0280                                0400 0400     42116192 37  0  0 50116  0G 3                              20230221142200																																
%_DESCRIPTION																																
결과값 등록																																
%_FIELDS																																
%#AUTOTEXT001	0	CHAR	 33	00	00	00	78	00	  1	 23		  0	  0	  0		  0					  0	  0								정기 ● 입회 검사 용접시험 결과서		
%#AUTOTEXT034	0	CHAR	  7	00	00	00	30	00	  1	 88		  0	  0	  0		  0					  0	  0								의뢰서:	                                                                                                                                                                                                                                                        X	
ZQMT0470-ZRQDOC	C	CHAR	 10	A0	00	80	30	00	  1	 96		  0	  0	  0		  0					 20	  0								__________	                                       00	
%#AUTOTEXT053	0	CHAR	  7	00	00	00	30	00	  2	 88		  0	  0	  0		  0					  0	  0								순  차:	                                                                                                                                                                                                                                                        X	
ZQMT0470-ZSEQ	N	NUMC	  4	A0	00	80	30	00	  2	 96		  0	  0	  0		  0					  8	  0								____	                                       00	
GV_ICON	C	CHAR	  4	80	00	80	31	00	  3	  2		  0	  0	  0		  0					  0	  0								____		
gv_msg	C	CHAR	 60	80	00	80	31	00	  3	  7		  0	  0	  0		  0					  0	  0								____________________________________________________________		
%#AUTOTEXT002	0	CHAR	 10	00	00	00	30	00	  4	  2		  0	  0	  0		  0					  0	  0								제품그룹 :	                                                                                                                                                                                                                                                        XX	
ZQMT0450-ZMGRP	C	CHAR	  8	A0	00	80	30	00	  4	 13		  0	  0	  0		  0					 16	  0				GR1	HD			________	                                       00	
%#AUTOTEXT051		CHAR	132	00	00	00	30	00	  4	 22		  0	  0	  0		  2	P				  0	  0	107							@13\Q그룹검색@	                                                                                                                                                                        GR_FIND	
GV_ZMGRP_T	C	CHAR	 20	80	00	80	31	00	  4	 25		  0	  0	  0		  0					  0	  0								____________________		
%#AUTOTEXT003	0	CHAR	  9	00	00	00	30	00	  4	 51		  0	  0	  0		  0					  0	  0								의뢰일자:	                                                                                                                                                                                                                                                        X	
ZQMT0450-ZRQDAT	D	DATE	 10	A0	00	80	30	08	  4	 61		  0	  0	  0		  0					 16	  0				GR1	HD			__________	X                                      00	
%#AUTOTEXT057	0	CHAR	  7	00	00	00	30	00	  4	 88		  0	  0	  0		  0					  0	  0								합  격:	                                                                                                                                                                                                                                                        X	
ZQMT0470-ZRESULT	C	CHAR	  1	A0	00	81	00	18	  4	 96		  0	  0	  0		 10					  2	  0								_	XDL                                    00	
%#AUTOTEXT004	0	CHAR	 10	00	00	00	30	00	  5	  2		  0	  0	  0		  0					  0	  0								Lot No.  :	                                                                                                                                                                                                                                                        X	
ZQMT0450-LOTNO	C	CHAR	 30	A0	00	80	30	00	  5	 13		  0	  0	  0		  0					 60	  0				GR1	HD			______________________________	                                       00	
%#AUTOTEXT005	0	CHAR	  9	00	00	00	30	00	  5	 51		  0	  0	  0		  0					  0	  0								의 뢰 자:	                                                                                                                                                                                                                                                        X	
ZQMT0450-ZRQNAM	C	CHAR	 20	A0	00	80	30	00	  5	 61		  0	  0	  0		  0					 40	  0				GR1	HD			____________________	                                       00	
%#AUTOTEXT006	0	CHAR	 10	00	00	00	30	00	  6	  2		  0	  0	  0		  0					  0	  0								Mfg No.  :	                                                                                                                                                                                                                                                        XX	
ZQMT0450-ZMFGNO	C	CHAR	 30	A0	00	80	30	00	  6	 13		  0	  0	  0		  0					 60	  0				GR1	HD			______________________________	                                       00	
%#AUTOTEXT052	0	CHAR	 10	00	00	00	30	00	  7	  2		  0	  0	  0		  0					  0	  0								규    격 :	                                                                                                                                                                                                                                                        X	
ZQMT0450-MVGR1	C	CHAR	  3	A0	00	80	30	08	  7	 13		  0	  0	  0		  0					  6	  0			H_TVM1	GR1	HD			___	                                       00	
GV_BEZEI	C	CHAR	 17	80	00	80	30	00	  7	 19		  0	  0	  0		  0					  0	  0								_________________		
%#AUTOTEXT054	0	CHAR	  6	00	00	00	30	00	  7	 42		  0	  0	  0		  0					  0	  0								P No.:	                                                                                                                                                                                                                                                        X	
ZQMT0450-ZPNO	C	CHAR	 10	A0	00	80	30	00	  7	 49		  0	  0	  0		  0					 20	  0				GR1	HD			__________	                                       00	
%#AUTOTEXT055	0	CHAR	  5	00	00	00	30	00	  7	 64		  0	  0	  0		  0					  0	  0								Dia :	                                                                                                                                                                                                                                                        X	
ZQMT0450-ZDIA	C	CHAR	 10	A0	00	81	30	18	  7	 70		  0	  0	  0		 12					 20	  0				GR1	HD			__________	XDL                                    00	
%#AUTOTEXT056	0	CHAR	 10	00	00	00	30	00	  8	  2		  0	  0	  0		  0					  0	  0								비    고 :	                                                                                                                                                                                                                                                        X	
ZQMT0470-ZNOTE	C	CHAR	100	B1	00	80	00	00	  8	 13		  0	  0	  0		 40					200	  0								____________________________________________________________________________________________________	                                       00	
%#AUTOTEXT058		CHAR	116	00	00	00	30	00	 10	  2		  0	  0	  0		  3	R				  0	  0	108							인장시험 수치		
%#AUTOTEXT059	0	CHAR	  8	00	00	00	30	00	 11	  3		  0	  0	  0		  0					  0	  0								0.2% YS:	                                                                                                                                                                                                                                                        X	
ZQMT0470-ZYS1	C	CHAR	 20	A1	00	80	00	00	 11	 12		  0	  0	  0		 10					 40	  0								____________________	                                       00	
%#AUTOTEXT061	0	CHAR	  4	00	00	00	30	00	 11	 34		  0	  0	  0		  0					  0	  0								LYS:		
ZQMT0470-ZLYS1	C	CHAR	 20	A1	00	80	00	00	 11	 39		  0	  0	  0		 10					 40	  0								____________________	                                       00	
%#AUTOTEXT062	0	CHAR	  3	00	00	00	30	00	 11	 61		  0	  0	  0		  0					  0	  0								TS:	                                                                                                                                                                                                                                                        X	
ZQMT0470-ZTS1	C	CHAR	 20	A1	00	80	00	00	 11	 65		  0	  0	  0		 10					 40	  0								____________________	                                       00	
%#AUTOTEXT063	0	CHAR	  3	00	00	00	30	00	 11	 87		  0	  0	  0		  0					  0	  0								EL:	                                                                                                                                                                                                                                                        X	
ZQMT0470-ZEL1	C	CHAR	 20	A1	00	80	00	00	 11	 91		  0	  0	  0		 10					 40	  0								____________________	                                       00	
%#AUTOTEXT060		CHAR	116	00	00	00	30	00	 13	  2		  0	  0	  0		  3	R				  0	  0	109							인장시험		
%#AUTOTEXT064	0	CHAR	  8	00	00	00	30	00	 14	  3		  0	  0	  0		  0					  0	  0								0.2% YS:	                                                                                                                                                                                                                                                        X	
ZQMT0470-ZYS2	C	CHAR	 20	A1	00	80	00	00	 14	 12		  0	  0	  0		 10					 40	  0								____________________	                                       00	
ZICON-ZYS2	C	CHAR	  4	80	00	80	30	00	 14	 23		  0	  0	  0		  0					  0	  0								____		
%#AUTOTEXT065	0	CHAR	  4	00	00	00	30	00	 14	 34		  0	  0	  0		  0					  0	  0								LYS:		
ZQMT0470-ZLYS2	C	CHAR	 20	A1	00	80	00	00	 14	 39		  0	  0	  0		 10					 40	  0								____________________	                                       00	
ZICON-ZLYS2	C	CHAR	  4	80	00	80	30	00	 14	 50		  0	  0	  0		  0					  0	  0								____		
%#AUTOTEXT066	0	CHAR	  3	00	00	00	30	00	 14	 61		  0	  0	  0		  0					  0	  0								TS:	                                                                                                                                                                                                                                                        X	
ZQMT0470-ZTS2	C	CHAR	 20	A1	00	80	00	00	 14	 65		  0	  0	  0		 10					 40	  0								____________________	                                       00	
ZICON-ZTS2	C	CHAR	  4	80	00	80	30	00	 14	 76		  0	  0	  0		  0					  0	  0								____		
%#AUTOTEXT067	0	CHAR	  3	00	00	00	30	00	 14	 87		  0	  0	  0		  0					  0	  0								EL:	                                                                                                                                                                                                                                                        X	
ZQMT0470-ZEL2	C	CHAR	 20	A1	00	80	00	00	 14	 91		  0	  0	  0		 10					 40	  0								____________________	                                       00	
ZICON-ZEL2	C	CHAR	  4	80	00	80	30	00	 14	102		  0	  0	  0		  0					  0	  0								____		
%#AUTOTEXT068		CHAR	116	00	00	00	30	00	 16	  2		  0	  0	  0		 10	R				  0	  0	101							충격시험		
%#AUTOTEXT123	0	CHAR	  9	00	00	00	30	00	 17	  6		  0	  0	  0		  0					  0	  0								입력일자:		
ZQMT0470-ZRESDT1	D	DATE	 10	A0	00	80	00	08	 17	 16		  0	  0	  0		  0					 16	  0								__________	X                                      00	
	0	CHAR	  2	00	00	00	30	00	 18	  3		  0	  0	  0		  0					  0	  0								1)		
%#AUTOTEXT069	0	CHAR	  2	00	00	00	30	00	 18	  6		  0	  0	  0		  0					  0	  0								℃	                                                                                                                                                                                                                                                        X	
ZQMT0470-ZSHOCK_TEMP	C	CHAR	 20	B1	00	80	00	00	 18	 10		  0	  0	  0		 10					 40	  0								____________________	                                       00	
ZICON-ZSHOCK_TEMP	C	CHAR	  4	80	00	80	30	00	 18	 21		  0	  0	  0		  0					  0	  0								____		
%#AUTOTEXT071	0	CHAR	  2	00	00	00	30	00	 18	 27		  0	  0	  0		  0					  0	  0								X1	                                                                                                                                                                                                                                                        X	
ZQMT0470-ZSHOCK_X1	C	CHAR	 20	A1	00	80	00	00	 18	 31		  0	  0	  0		 10					 40	  0								____________________	                                       00	
ZICON-ZSHOCK_X1	C	CHAR	  4	80	00	80	30	00	 18	 42		  0	  0	  0		  0					  0	  0								____		
%#AUTOTEXT073	0	CHAR	  2	00	00	00	30	00	 18	 48		  0	  0	  0		  0					  0	  0								X2	                                                                                                                                                                                                                                                        X	
ZQMT0470-ZSHOCK_X2	C	CHAR	 20	B1	00	80	00	00	 18	 51		  0	  0	  0		 10					 40	  0								____________________	                                       00	
ZICON-ZSHOCK_X2	C	CHAR	  4	80	00	80	30	00	 18	 62		  0	  0	  0		  0					  0	  0								____		
%#AUTOTEXT075	0	CHAR	  2	00	00	00	30	00	 18	 68		  0	  0	  0		  0					  0	  0								X3	                                                                                                                                                                                                                                                        X	
ZQMT0470-ZSHOCK_X3	C	CHAR	 20	B1	00	80	00	00	 18	 71		  0	  0	  0		 10					 40	  0								____________________	                                       00	
ZICON-ZSHOCK_X3	C	CHAR	  4	80	00	80	30	00	 18	 82		  0	  0	  0		  0					  0	  0								____		
%#AUTOTEXT070	0	CHAR	  3	00	00	00	30	00	 19	  6		  0	  0	  0		  0					  0	  0								Min		
ZQMT0470-ZSHOCK_MIN	C	CHAR	 20	B1	00	80	00	00	 19	 10		  0	  0	  0		 10					 40	  0								____________________	                                       00	
ZICON-ZSHOCK_MIN	C	CHAR	  4	80	00	80	30	00	 19	 21		  0	  0	  0		  0					  0	  0								____		
%#AUTOTEXT072	0	CHAR	  3	00	00	00	30	00	 19	 27		  0	  0	  0		  0					  0	  0								Max		
ZQMT0470-ZSHOCK_MAX	C	CHAR	 20	81	00	80	00	00	 19	 31		  0	  0	  0		 10					 20	  0								____________________		
ZICON-ZSHOCK_MAX	C	CHAR	  4	80	00	80	30	00	 19	 42		  0	  0	  0		  0					  0	  0								____		
%#AUTOTEXT074	0	CHAR	  2	00	00	00	30	00	 19	 48		  0	  0	  0		  0					  0	  0								Av		
ZQMT0470-ZSHOCK_AV	C	CHAR	 20	B1	00	80	00	00	 19	 51		  0	  0	  0		 10					 40	  0								____________________	                                       00	
ZSHOCK_AV	C	CHAR	  4	80	00	80	30	00	 19	 62		  0	  0	  0		  0					  0	  0								____		
	0	CHAR	  2	00	00	00	30	00	 21	  3		  0	  0	  0		  0					  0	  0								2)		
%#AUTOTEXT076	0	CHAR	  2	00	00	00	30	00	 21	  6		  0	  0	  0		  0					  0	  0								℃	                                                                                                                                                                                                                                                        X	
ZQMT0470-ZSHOCK2_TEMP	C	CHAR	 20	B1	00	80	00	00	 21	 10		  0	  0	  0		 10					 40	  0								____________________	                                       00	
ZICON-ZSHOCK2_TEMP	C	CHAR	  4	80	00	80	30	00	 21	 21		  0	  0	  0		  0					  0	  0								____		
%#AUTOTEXT078	0	CHAR	  2	00	00	00	30	00	 21	 27		  0	  0	  0		  0					  0	  0								X1	                                                                                                                                                                                                                                                        X	
ZQMT0470-ZSHOCK2_X1	C	CHAR	 20	B1	00	80	00	00	 21	 31		  0	  0	  0		 10					 40	  0								____________________	                                       00	
ZICON-ZSHOCK2_X1	C	CHAR	  4	80	00	80	30	00	 21	 42		  0	  0	  0		  0					  0	  0								____		
%#AUTOTEXT080	0	CHAR	  2	00	00	00	30	00	 21	 48		  0	  0	  0		  0					  0	  0								X2	                                                                                                                                                                                                                                                        X	
ZQMT0470-ZSHOCK2_X2	C	CHAR	 20	B1	00	80	00	00	 21	 51		  0	  0	  0		 10					 40	  0								____________________	                                       00	
ZICON-ZSHOCK2_X2	C	CHAR	  4	80	00	80	30	00	 21	 62		  0	  0	  0		  0					  0	  0								____		
%#AUTOTEXT082	0	CHAR	  2	00	00	00	30	00	 21	 68		  0	  0	  0		  0					  0	  0								X3	                                                                                                                                                                                                                                                        X	
ZQMT0470-ZSHOCK2_X3	C	CHAR	 20	B1	00	80	00	00	 21	 71		  0	  0	  0		 10					 40	  0								____________________	                                       00	
ZICON-ZSHOCK2_X3	C	CHAR	  4	80	00	80	30	00	 21	 82		  0	  0	  0		  0					  0	  0								____		
%#AUTOTEXT077	0	CHAR	  3	00	00	00	30	00	 22	  6		  0	  0	  0		  0					  0	  0								Min	                                                                                                                                                                                                                                                        X	
ZQMT0470-ZSHOCK2_MIN	C	CHAR	 20	B1	00	80	00	00	 22	 10		  0	  0	  0		 10					 40	  0								____________________	                                       00	
ZICON-ZSHOCK2_MIN	C	CHAR	  4	80	00	80	30	00	 22	 21		  0	  0	  0		  0					  0	  0								____		
%#AUTOTEXT079	0	CHAR	  3	00	00	00	30	00	 22	 27		  0	  0	  0		  0					  0	  0								Max	                                                                                                                                                                                                                                                        X	
ZQMT0470-ZSHOCK2_MAX	C	CHAR	 20	B1	00	80	00	00	 22	 31		  0	  0	  0		 10					 40	  0								____________________	                                       00	
ZICON-ZSHOCK2_MAX	C	CHAR	  4	80	00	80	30	00	 22	 42		  0	  0	  0		  0					  0	  0								____		
%#AUTOTEXT081	0	CHAR	  2	00	00	00	30	00	 22	 48		  0	  0	  0		  0					  0	  0								Av	                                                                                                                                                                                                                                                        X	
ZQMT0470-ZSHOCK2_AV	C	CHAR	 20	B1	00	80	00	00	 22	 51		  0	  0	  0		 10					 40	  0								____________________	                                       00	
ZICON-ZSHOCK2_AV	C	CHAR	  4	80	00	80	30	00	 22	 62		  0	  0	  0		  0					  0	  0								____		
%#AUTOTEXT083	0	CHAR	  6	00	00	00	30	00	 24	  6		  0	  0	  0		  0					  0	  0								결정수	                                                                                                                                                                                                                                                        X	
ZQMT0470-RESULT_QTY	C	CHAR	 20	A1	00	80	00	00	 24	 13		  0	  0	  0		 10					 40	  0								____________________	                                       00	
%#AUTOTEXT084		CHAR	116	00	00	00	30	00	 26	  2		  0	  0	  0		  8	R				  0	  0	102							화학성분		
%#AUTOTEXT122	0	CHAR	  9	00	00	00	30	00	 27	  5		  0	  0	  0		  0					  0	  0								입력일자:		
ZQMT0470-ZRESDT2	D	DATE	 10	A0	00	80	00	08	 27	 15		  0	  0	  0		  0					 16	  0								__________	X                                      00	
%#AUTOTEXT085	0	CHAR	  1	00	00	00	30	00	 28	  5		  0	  0	  0		  0					  0	  0								C	                                                                                                                                                                                                                                                        X	
ZQMT0470-Z_C	C	CHAR	 20	B1	00	80	00	00	 28	  8		  0	  0	  0		  9					 40	  0								____________________	                                       00	
ZICON-Z_C	C	CHAR	  4	80	00	80	30	00	 28	 18		  0	  0	  0		  0					  0	  0								____		
%#AUTOTEXT086	0	CHAR	  2	00	00	00	30	00	 28	 23		  0	  0	  0		  0					  0	  0								Si	                                                                                                                                                                                                                                                        X	
ZQMT0470-Z_SI	C	CHAR	 20	B1	00	80	00	00	 28	 26		  0	  0	  0		  9					 40	  0								____________________	                                       00	
ZICON-Z_SI	C	CHAR	  4	80	00	80	30	00	 28	 36		  0	  0	  0		  0					  0	  0								____		
%#AUTOTEXT087	0	CHAR	  2	00	00	00	30	00	 28	 41		  0	  0	  0		  0					  0	  0								Mn	                                                                                                                                                                                                                                                        X	
ZQMT0470-Z_MN	C	CHAR	 20	B1	00	80	00	00	 28	 44		  0	  0	  0		  9					 40	  0								____________________	                                       00	
ZICON-Z_MN	C	CHAR	  4	80	00	80	30	00	 28	 54		  0	  0	  0		  0					  0	  0								____		
%#AUTOTEXT088	0	CHAR	  1	00	00	00	30	00	 28	 59		  0	  0	  0		  0					  0	  0								P	                                                                                                                                                                                                                                                        X	
ZQMT0470-Z_P	C	CHAR	 20	B1	00	80	00	00	 28	 62		  0	  0	  0		  9					 40	  0								____________________	                                       00	
ZICON-Z_P	C	CHAR	  4	80	00	80	30	00	 28	 72		  0	  0	  0		  0					  0	  0								____		
%#AUTOTEXT089	0	CHAR	  1	00	00	00	30	00	 28	 77		  0	  0	  0		  0					  0	  0								S	                                                                                                                                                                                                                                                        X	
ZQMT0470-Z_S	C	CHAR	 20	B1	00	80	00	00	 28	 80		  0	  0	  0		  9					 40	  0								____________________	                                       00	
ZICON-Z_S	C	CHAR	  4	80	00	80	30	00	 28	 90		  0	  0	  0		  0					  0	  0								____		
%#AUTOTEXT090	0	CHAR	  2	00	00	00	30	00	 28	 95		  0	  0	  0		  0					  0	  0								Ni	                                                                                                                                                                                                                                                        X	
ZQMT0470-Z_NI	C	CHAR	 20	B1	00	80	00	00	 28	 98		  0	  0	  0		  9					 40	  0								____________________	                                       00	
ZICON-Z_NI	C	CHAR	  4	80	00	80	30	00	 28	108		  0	  0	  0		  0					  0	  0								____		
%#AUTOTEXT091	0	CHAR	  2	00	00	00	30	00	 29	  5		  0	  0	  0		  0					  0	  0								Cr	                                                                                                                                                                                                                                                        X	
ZQMT0470-Z_CR	C	CHAR	 20	B1	00	80	00	00	 29	  8		  0	  0	  0		  9					 40	  0								____________________	                                       00	
ZICON-Z_CR	C	CHAR	  4	80	00	80	30	00	 29	 18		  0	  0	  0		  0					  0	  0								____		
%#AUTOTEXT092	0	CHAR	  2	00	00	00	30	00	 29	 23		  0	  0	  0		  0					  0	  0								Mo	                                                                                                                                                                                                                                                        X	
ZQMT0470-Z_MO	C	CHAR	 20	B1	00	80	00	00	 29	 26		  0	  0	  0		  9					 40	  0								____________________	                                       00	
ZICON-Z_MO	C	CHAR	  4	80	00	80	30	00	 29	 36		  0	  0	  0		  0					  0	  0								____		
%#AUTOTEXT093	0	CHAR	  2	00	00	00	30	00	 29	 41		  0	  0	  0		  0					  0	  0								Ti	                                                                                                                                                                                                                                                        X	
ZQMT0470-Z_TI	C	CHAR	 20	B1	00	80	00	00	 29	 44		  0	  0	  0		  9					 40	  0								____________________	                                       00	
ZICON-Z_TI	C	CHAR	  4	80	00	80	30	00	 29	 54		  0	  0	  0		  0					  0	  0								____		
%#AUTOTEXT094	0	CHAR	  2	00	00	00	30	00	 29	 59		  0	  0	  0		  0					  0	  0								Cu	                                                                                                                                                                                                                                                        X	
ZQMT0470-Z_CU	C	CHAR	 20	B1	00	80	00	00	 29	 62		  0	  0	  0		  9					 40	  0								____________________	                                       00	
ZICON-Z_CU	C	CHAR	  4	80	00	80	30	00	 29	 72		  0	  0	  0		  0					  0	  0								____		
%#AUTOTEXT095	0	CHAR	  2	00	00	00	30	00	 29	 77		  0	  0	  0		  0					  0	  0								V	                                                                                                                                                                                                                                                        X	
ZQMT0470-Z_V	C	CHAR	 20	B1	00	80	00	00	 29	 80		  0	  0	  0		  9					 40	  0								____________________	                                       00	
ZICON-Z_V	C	CHAR	  4	80	00	80	30	00	 29	 90		  0	  0	  0		  0					  0	  0								____		
%#AUTOTEXT096	0	CHAR	  2	00	00	00	30	00	 29	 95		  0	  0	  0		  0					  0	  0								Nb	                                                                                                                                                                                                                                                        X	
ZQMT0470-Z_NB	C	CHAR	 20	B1	00	80	00	00	 29	 98		  0	  0	  0		  9					 40	  0								____________________	                                       00	
ZICON-Z_NB	C	CHAR	  4	80	00	80	30	00	 29	108		  0	  0	  0		  0					  0	  0								____		
%#AUTOTEXT097	0	CHAR	  1	00	00	00	30	00	 30	  5		  0	  0	  0		  0					  0	  0								B	                                                                                                                                                                                                                                                        X	
ZQMT0470-Z_B	C	CHAR	 20	B1	00	80	00	00	 30	  8		  0	  0	  0		  9					 40	  0								____________________	                                       00	
ZICON-Z_B	C	CHAR	  4	80	00	80	30	00	 30	 18		  0	  0	  0		  0					  0	  0								____		
%#AUTOTEXT098	0	CHAR	  2	00	00	00	30	00	 30	 23		  0	  0	  0		  0					  0	  0								Al	                                                                                                                                                                                                                                                        X	
ZQMT0470-Z_AL	C	CHAR	 20	B1	00	80	00	00	 30	 26		  0	  0	  0		  9					 40	  0								____________________	                                       00	
ZICON-Z_AL	C	CHAR	  4	80	00	80	30	00	 30	 36		  0	  0	  0		  0					  0	  0								____		
%#AUTOTEXT099	0	CHAR	  2	00	00	00	30	00	 30	 41		  0	  0	  0		  0					  0	  0								Zr	                                                                                                                                                                                                                                                        X	
ZQMT0470-Z_ZR	C	CHAR	 20	B1	00	80	00	00	 30	 44		  0	  0	  0		  9					 40	  0								____________________	                                       00	
ZICON-Z_ZR	C	CHAR	  4	80	00	80	30	00	 30	 54		  0	  0	  0		  0					  0	  0								____		
%#AUTOTEXT100	0	CHAR	  2	00	00	00	30	00	 30	 59		  0	  0	  0		  0					  0	  0								Co	                                                                                                                                                                                                                                                        X	
ZQMT0470-Z_CO	C	CHAR	 20	B1	00	80	00	00	 30	 62		  0	  0	  0		  9					 40	  0								____________________	                                       00	
ZICON-Z_CO	C	CHAR	  4	80	00	80	30	00	 30	 72		  0	  0	  0		  0					  0	  0								____		
%#AUTOTEXT101	0	CHAR	  1	00	00	00	30	00	 30	 77		  0	  0	  0		  0					  0	  0								W	                                                                                                                                                                                                                                                        X	
ZQMT0470-Z_W	C	CHAR	 20	B1	00	80	00	00	 30	 80		  0	  0	  0		  9					 40	  0								____________________	                                       00	
ZICON-Z_W	C	CHAR	  4	80	00	80	30	00	 30	 90		  0	  0	  0		  0					  0	  0								____		
%#AUTOTEXT102	0	CHAR	  2	00	00	00	30	00	 30	 95		  0	  0	  0		  0					  0	  0								Fe	                                                                                                                                                                                                                                                        X	
ZQMT0470-Z_FE	C	CHAR	 20	B1	00	80	00	00	 30	 98		  0	  0	  0		  9					 40	  0								____________________	                                       00	
ZICON-Z_FE	C	CHAR	  4	80	00	80	30	00	 30	108		  0	  0	  0		  0					  0	  0								____		
%#AUTOTEXT103	0	CHAR	 17	00	00	00	30	00	 31	  5		  0	  0	  0		  0					  0	  0								탄소당량(Ceq)	                                                                                                                                                                                                                                                        X	
ZQMT0470-ZC_EQU	C	CHAR	 20	A0	00	80	00	00	 31	 23		  0	  0	  0		  0					 40	  0								____________________	                                       00	
%#AUTOTEXT104	0	CHAR	 17	00	00	00	30	00	 32	  5		  0	  0	  0		  0					  0	  0								페라이트(WRC1992)	                                                                                                                                                                                                                                                        X	
ZQMT0470-ZFERR	C	CHAR	 20	A0	00	80	00	00	 32	 23		  0	  0	  0		  0					 40	  0								____________________	                                       00	
%#AUTOTEXT105		CHAR	116	00	00	00	30	00	 34	  2		  0	  0	  0		  3	R				  0	  0	103							PPM		
%#AUTOTEXT106	0	CHAR	  2	00	00	00	30	00	 35	  3		  0	  0	  0		  0					  0	  0								N2	                                                                                                                                                                                                                                                        X	
ZQMT0470-ZPPM_N2	C	CHAR	 20	A1	00	80	00	00	 35	  6		  0	  0	  0		 10					 40	  0								____________________	                                       00	
%#AUTOTEXT107	0	CHAR	  2	00	00	00	30	00	 35	 30		  0	  0	  0		  0					  0	  0								O2	                                                                                                                                                                                                                                                        X	
ZQMT0470-ZPPM_O2	C	CHAR	 20	A1	00	80	00	00	 35	 35		  0	  0	  0		 10					 40	  0								____________________	                                       00	
%#AUTOTEXT108		CHAR	116	00	00	00	30	00	 37	  2		  0	  0	  0		  3	R				  0	  0	104							수소 함량		
%#AUTOTEXT109	0	CHAR	  2	00	00	00	30	00	 38	  3		  0	  0	  0		  0					  0	  0								X1	                                                                                                                                                                                                                                                        X	
ZQMT0470-ZH_X1	C	CHAR	 20	A1	00	80	00	00	 38	  6		  0	  0	  0		 10					 40	  0								____________________	                                       00	
%#AUTOTEXT110	0	CHAR	  2	00	00	00	30	00	 38	 18		  0	  0	  0		  0					  0	  0								X2	                                                                                                                                                                                                                                                        X	
ZQMT0470-ZH_X2	C	CHAR	 20	A1	00	80	00	00	 38	 21		  0	  0	  0		 10					 40	  0								____________________	                                       00	
%#AUTOTEXT111	0	CHAR	  2	00	00	00	30	00	 38	 33		  0	  0	  0		  0					  0	  0								X3	                                                                                                                                                                                                                                                        X	
ZQMT0470-ZH_X3	C	CHAR	 20	A1	00	80	00	00	 38	 36		  0	  0	  0		 10					 40	  0								____________________	                                       00	
%#AUTOTEXT112	0	CHAR	  2	00	00	00	30	00	 38	 48		  0	  0	  0		  0					  0	  0								X4	                                                                                                                                                                                                                                                        X	
ZQMT0470-ZH_X4	C	CHAR	 20	A1	00	80	00	00	 38	 51		  0	  0	  0		 10					 40	  0								____________________	                                       00	
%#AUTOTEXT113	0	CHAR	  3	00	00	00	30	00	 38	 63		  0	  0	  0		  0					  0	  0								Av.	                                                                                                                                                                                                                                                        X	
ZQMT0470-ZH_AV	C	CHAR	 20	A1	00	80	00	00	 38	 67		  0	  0	  0		 10					 40	  0								____________________	                                       00	
%#AUTOTEXT114		CHAR	116	00	00	00	30	00	 40	  2		  0	  0	  0		  3	R				  0	  0	105							경도시험		
%#AUTOTEXT115	0	CHAR	  2	00	00	00	30	00	 41	  3		  0	  0	  0		  0					  0	  0								X1	                                                                                                                                                                                                                                                        X	
ZQMT0470-ZHARD_X1	C	CHAR	 20	A1	00	80	00	00	 41	  6		  0	  0	  0		 10					 40	  0								____________________	                                       00	
%#AUTOTEXT116	0	CHAR	  2	00	00	00	30	00	 41	 18		  0	  0	  0		  0					  0	  0								X2	                                                                                                                                                                                                                                                        X	
ZQMT0470-ZHARD_X2	C	CHAR	 20	A1	00	80	00	00	 41	 21		  0	  0	  0		 10					 40	  0								____________________	                                       00	
%#AUTOTEXT117	0	CHAR	  2	00	00	00	30	00	 41	 33		  0	  0	  0		  0					  0	  0								X3	                                                                                                                                                                                                                                                        X	
ZQMT0470-ZHARD_X3	C	CHAR	 20	A1	00	80	00	00	 41	 36		  0	  0	  0		 10					 40	  0								____________________	                                       00	
%#AUTOTEXT118	0	CHAR	  2	00	00	00	30	00	 41	 48		  0	  0	  0		  0					  0	  0								X4	                                                                                                                                                                                                                                                        X	
ZQMT0470-ZHARD_X4	C	CHAR	 20	A1	00	80	00	00	 41	 51		  0	  0	  0		 10					 40	  0								____________________	                                       00	
%#AUTOTEXT119	0	CHAR	  2	00	00	00	30	00	 41	 63		  0	  0	  0		  0					  0	  0								X5	                                                                                                                                                                                                                                                        X	
ZQMT0470-ZHARD_X5	C	CHAR	 20	A1	00	80	00	00	 41	 66		  0	  0	  0		 10					 40	  0								____________________	                                       00	
%#AUTOTEXT120	0	CHAR	  2	00	00	00	30	00	 41	 78		  0	  0	  0		  0					  0	  0								X6	                                                                                                                                                                                                                                                        X	
ZQMT0470-ZHARD_X6	C	CHAR	 20	B1	00	80	00	00	 41	 81		  0	  0	  0		 10					 40	  0								____________________	                                       00	
%#AUTOTEXT121	0	CHAR	  3	00	00	00	30	00	 41	 93		  0	  0	  0		  0					  0	  0								Av.	                                                                                                                                                                                                                                                        X	
ZQMT0470-ZHARD_AV	C	CHAR	 20	A1	00	80	00	00	 41	 97		  0	  0	  0		 10					 40	  0								____________________	                                       00	
OK_CODE		CHAR	 20	80	10	00	00	00	255	  1	O	  0	  0	  0		  0					  0	  0								____________________		
%_FLOWLOGIC																																
																																
PROCESS BEFORE OUTPUT.																																
  MODULE STATUS_0400.																																
  MODULE SET_CURSOR.																																
																																
PROCESS AFTER INPUT.																																
  MODULE GET_CURSOR.																																
																																
*  CHAIN.																																
*    FIELD ZQMT0470-ZRESULT.																																
**    FIELD ZQMT0470-ZSHK_RST.																																
*    FIELD ZQMT0470-ZYS1.																																
*    FIELD ZQMT0470-ZLYS1.																																
*    FIELD ZQMT0470-ZTS1.																																
*    FIELD ZQMT0470-ZEL1.																																
*    FIELD ZQMT0470-ZYS2.																																
*    FIELD ZQMT0470-ZLYS2.																																
*    FIELD ZQMT0470-ZTS2.																																
*    FIELD ZQMT0470-ZEL2.																																
**    FIELD ZQMT0470-ZRESDT1.																																
*    FIELD ZQMT0470-ZSHOCK_TEMP.																																
*    FIELD ZQMT0470-ZSHOCK_X1.																																
*    FIELD ZQMT0470-ZSHOCK_X2.																																
*    FIELD ZQMT0470-ZSHOCK_X3.																																
*    FIELD ZQMT0470-ZSHOCK_MIN.																																
*    FIELD ZQMT0470-ZSHOCK_MAX.																																
*    FIELD ZQMT0470-ZSHOCK_AV.																																
*    FIELD ZQMT0470-ZSHOCK2_TEMP.																																
*    FIELD ZQMT0470-ZSHOCK2_X1.																																
*    FIELD ZQMT0470-ZSHOCK2_X2.																																
*    FIELD ZQMT0470-ZSHOCK2_X3.																																
*    FIELD ZQMT0470-ZSHOCK2_MIN.																																
*    FIELD ZQMT0470-ZSHOCK2_MAX.																																
*    FIELD ZQMT0470-ZSHOCK2_AV.																																
*    FIELD ZQMT0470-RESULT_QTY.																																
**    FIELD ZQMT0470-ZRESDT2.																																
*    FIELD ZQMT0470-Z_C.																																
*    FIELD ZQMT0470-Z_SI.																																
*    FIELD ZQMT0470-Z_MN.																																
*    FIELD ZQMT0470-Z_P.																																
*    FIELD ZQMT0470-Z_S.																																
*    FIELD ZQMT0470-Z_NI.																																
*    FIELD ZQMT0470-Z_CR.																																
*    FIELD ZQMT0470-Z_MO.																																
*    FIELD ZQMT0470-Z_TI.																																
*    FIELD ZQMT0470-Z_CU.																																
*    FIELD ZQMT0470-Z_V.																																
*    FIELD ZQMT0470-Z_B.																																
*    FIELD ZQMT0470-Z_NB.																																
*    FIELD ZQMT0470-Z_AL.																																
*    FIELD ZQMT0470-Z_ZR.																																
*    FIELD ZQMT0470-Z_CO.																																
*    FIELD ZQMT0470-Z_W.																																
*    FIELD ZQMT0470-Z_FE.																																
*																																
*    MODULE CHECK_DATA .																																
*  ENDCHAIN.																																
  MODULE CHECK_DATA .																																
																																
																																
																																
																																
  MODULE EXIT_COMMAND AT EXIT-COMMAND.																																
  MODULE USER_COMMAND_0400.																																
