****************************************************************																																
*   THIS FILE WAS GENERATED BY DIRECT DOWNLOAD ENTERPRISE.     *																																
*   PLEASE DO NOT CHANGE IT MANUALLY.                          *																																
****************************************************************																																
%_DYNPRO																																
Y_PA007																																
9000																																
731																																
                40																																
%_HEADER																																
Y_PA007                                 9000 9000     42122192 37  0  0 42124  0G 3                              20140818153935																																
%_DESCRIPTION																																
screen 9000																																
%_FIELDS																																
%#AUTOTEXT025		CHAR	122	00	00	00	30	00	  1	  2		  0	  0	  0		  3	R				  0	  0	124							▶ 조 회 조 건 ◀		
G_YEAR	C	CHAR	  6	80	00	80	00	00	  2	  4		  0	  0	  0		  0					  0	  0								______	 DL                                                                                                                                                                     YEAR	
%#AUTOTEXT010	0	CHAR	  5	00	00	00	30	00	  2	 11		  0	  0	  0		  0					  0	  0								년 도		
%#AUTOTEXT026	0	CHAR	  6	00	00	00	30	00	  2	 19		  0	  0	  0		  0					  0	  0								사업장	                                                                                                                                                                                                                                                        X	
G_ABK	C	CHAR	  1	80	02	80	00	00	  2	 26		  0	  0	  0		 12					  0	  0									 DL K                                                                                                                                                                   ABK	
R1	C	CHAR	  1	80	00	80	00	00	  2	 41		  0	  0	  0		  0	A				  0	  0	102								                                                                                                                                                                        RADI	
R1	0	CHAR	  4	00	00	00	30	00	  2	 43		  0	  0	  0		  0	A				  0	  0	102							전체		
R2	C	CHAR	  1	80	00	80	00	00	  2	 48		  0	  0	  0		  0	A				  0	  0	102								                                                                                                                                                                        RADI	
R2	0	CHAR	  4	00	00	00	30	00	  2	 50		  0	  0	  0		  0	A				  0	  0	102							미혼		
R3	C	CHAR	  1	80	00	80	00	00	  2	 55		  0	  0	  0		  0	A				  0	  0	102								                                                                                                                                                                        RADI	
R3	0	CHAR	  4	00	00	00	30	00	  2	 57		  0	  0	  0		  0	A				  0	  0	102							기혼		
%#AUTOTEXT027	0	CHAR	  5	00	00	00	30	00	  2	 63		  0	  0	  0		  0					  0	  0								성 별	                                                                                                                                                                                                                                                        X	
G_SEX	C	CHAR	  8	80	00	80	00	00	  2	 69		  0	  0	  0		  0					  0	  0								________	 DL K                                                                                                                                                                   SEX	
%#AUTOTEXT002	0	CHAR	 28	00	00	00	30	00	  2	 80		  0	  0	  0		  0					  0	  0								▣ 조회된 인원수 / 총 인원수	                                                                                                                                                                                                                                                        X	
G_IDX	N	NUMC	  5	80	20	80	30	00	  2	109		  0	  0	  0		  0					  0	  0								_____		
	0	CHAR	  1	00	00	00	30	00	  2	115		  0	  0	  0		  0					  0	  0								/	                                                                                                                                                                                                                                                        X	
G_TOT	N	NUMC	  5	80	20	80	30	00	  2	117		  0	  0	  0		  0					  0	  0								_____		
		CHAR	122	00	00	00	30	00	  4	  2		  0	  0	  0		 13	R				  0	  0	125									
PIC01			 16	00	00	00	30	00	  5	  4		  0	  0	  0		  8	U				  1	  1	126									
PIC02			 16	00	00	00	30	00	  5	 21		  0	  0	  0		  8	U				  1	  1	127									
PIC03			 16	00	00	00	30	00	  5	 38		  0	  0	  0		  8	U				  1	  1	101									
PIC04			 16	00	00	00	30	00	  5	 55		  0	  0	  0		  8	U				  1	  1	103									
PIC05			 16	00	00	00	30	00	  5	 72		  0	  0	  0		  8	U				  1	  1	104									
PIC06			 16	00	00	00	30	00	  5	 89		  0	  0	  0		  8	U				  1	  1	105									
PIC07			 16	00	00	00	30	00	  5	106		  0	  0	  0		  8	U				  1	  1	106									
%#AUTOTEXT003	0	CHAR	  7	00	00	00	30	00	 13	  4		  0	  0	  0		  0					  0	  0								▶사번		
PER01	C	CHAR	  8	80	02	80	3A	00	 13	 12		  0	  0	  0		  0					  0	  0								________		
%#AUTOTEXT004	0	CHAR	  7	00	00	00	30	00	 13	 21		  0	  0	  0		  0					  0	  0								▶사번		
PER02	C	CHAR	  8	80	02	80	3A	00	 13	 29		  0	  0	  0		  0					  0	  0								________		
%#AUTOTEXT005	0	CHAR	  7	00	00	00	30	00	 13	 38		  0	  0	  0		  0					  0	  0								▶사번		
PER03	C	CHAR	  8	80	02	80	3A	00	 13	 46		  0	  0	  0		  0					  0	  0								________		
%#AUTOTEXT006	0	CHAR	  7	00	00	00	30	00	 13	 55		  0	  0	  0		  0					  0	  0								▶사번		
PER04	C	CHAR	  8	80	02	80	3A	00	 13	 63		  0	  0	  0		  0					  0	  0								________		
%#AUTOTEXT007	0	CHAR	  7	00	00	00	30	00	 13	 72		  0	  0	  0		  0					  0	  0								▶사번		
PER05	C	CHAR	  8	80	02	80	3A	00	 13	 80		  0	  0	  0		  0					  0	  0								________		
%#AUTOTEXT008	0	CHAR	  7	00	00	00	30	00	 13	 89		  0	  0	  0		  0					  0	  0								▶사번		
PER06	C	CHAR	  8	80	02	80	3A	00	 13	 97		  0	  0	  0		  0					  0	  0								________		
%#AUTOTEXT009	0	CHAR	  7	00	00	00	30	00	 13	106		  0	  0	  0		  0					  0	  0								▶사번		
PER07	C	CHAR	  8	80	02	80	3A	00	 13	114		  0	  0	  0		  0					  0	  0								________		
ORT01	C	CHAR	 25	81	02	80	30	00	 14	  4		  0	  0	  0		 16					  0	  0								_________________________		
ORT02	C	CHAR	 25	81	02	80	30	00	 14	 21		  0	  0	  0		 16					  0	  0								_________________________		
ORT03	C	CHAR	 25	81	02	80	30	00	 14	 38		  0	  0	  0		 16					  0	  0								_________________________		
ORT04	C	CHAR	 25	81	02	80	30	00	 14	 55		  0	  0	  0		 16					  0	  0								_________________________		
ORT05	C	CHAR	 25	81	02	80	30	00	 14	 72		  0	  0	  0		 16					  0	  0								_________________________		
ORT06	C	CHAR	 25	81	02	80	30	00	 14	 89		  0	  0	  0		 16					  0	  0								_________________________		
ORT07	C	CHAR	 25	81	02	80	30	00	 14	106		  0	  0	  0		 16					  0	  0								_________________________		
NAM01	C	CHAR	 16	80	02	80	30	00	 15	  4		  0	  0	  0		  0					  0	  0								________________		
NAM02	C	CHAR	 16	80	02	80	30	00	 15	 21		  0	  0	  0		  0					  0	  0								________________		
NAM03	C	CHAR	 16	80	02	80	30	00	 15	 38		  0	  0	  0		  0					  0	  0								________________		
NAM04	C	CHAR	 16	80	02	80	30	00	 15	 55		  0	  0	  0		  0					  0	  0								________________		
NAM05	C	CHAR	 16	80	02	80	30	00	 15	 72		  0	  0	  0		  0					  0	  0								________________		
NAM06	C	CHAR	 16	80	02	80	30	00	 15	 89		  0	  0	  0		  0					  0	  0								________________		
NAM07	C	CHAR	 16	80	02	80	30	00	 15	106		  0	  0	  0		  0					  0	  0								________________		
		CHAR	122	00	00	00	30	00	 17	  2		  0	  0	  0		 13	R				  0	  0	107									
PIC08			 16	00	00	00	30	00	 18	  4		  0	  0	  0		  8	U				  1	  1	108									
PIC09			 16	00	00	00	30	00	 18	 21		  0	  0	  0		  8	U				  1	  1	109									
PIC10			 16	00	00	00	30	00	 18	 38		  0	  0	  0		  8	U				  1	  1	110									
PIC11			 16	00	00	00	30	00	 18	 55		  0	  0	  0		  8	U				  1	  1	111									
PIC12			 16	00	00	00	30	00	 18	 72		  0	  0	  0		  8	U				  1	  1	112									
PIC13			 16	00	00	00	30	00	 18	 89		  0	  0	  0		  8	U				  1	  1	113									
PIC14			 16	00	00	00	30	00	 18	106		  0	  0	  0		  8	U				  1	  1	114									
%#AUTOTEXT011	0	CHAR	  7	00	00	00	30	00	 26	  4		  0	  0	  0		  0					  0	  0								▶사번		
PER08	C	CHAR	  8	80	02	80	3A	00	 26	 12		  0	  0	  0		  0					  0	  0								________		
%#AUTOTEXT012	0	CHAR	  7	00	00	00	30	00	 26	 21		  0	  0	  0		  0					  0	  0								▶사번		
PER09	C	CHAR	  8	80	02	80	3A	00	 26	 29		  0	  0	  0		  0					  0	  0								________		
%#AUTOTEXT013	0	CHAR	  7	00	00	00	30	00	 26	 38		  0	  0	  0		  0					  0	  0								▶사번		
PER10	C	CHAR	  8	80	02	80	3A	00	 26	 46		  0	  0	  0		  0					  0	  0								________		
%#AUTOTEXT014	0	CHAR	  7	00	00	00	30	00	 26	 55		  0	  0	  0		  0					  0	  0								▶사번		
PER11	C	CHAR	  8	80	02	80	3A	00	 26	 63		  0	  0	  0		  0					  0	  0								________		
%#AUTOTEXT015	0	CHAR	  7	00	00	00	30	00	 26	 72		  0	  0	  0		  0					  0	  0								▶사번		
PER12	C	CHAR	  8	80	02	80	3A	00	 26	 80		  0	  0	  0		  0					  0	  0								________		
%#AUTOTEXT016	0	CHAR	  7	00	00	00	30	00	 26	 89		  0	  0	  0		  0					  0	  0								▶사번		
PER13	C	CHAR	  8	80	02	80	3A	00	 26	 97		  0	  0	  0		  0					  0	  0								________		
%#AUTOTEXT017	0	CHAR	  7	00	00	00	30	00	 26	106		  0	  0	  0		  0					  0	  0								▶사번		
PER14	C	CHAR	  8	80	02	80	3A	00	 26	114		  0	  0	  0		  0					  0	  0								________		
ORT08	C	CHAR	 25	81	02	80	30	00	 27	  4		  0	  0	  0		 16					  0	  0								_________________________		
ORT09	C	CHAR	 25	81	02	80	30	00	 27	 21		  0	  0	  0		 16					  0	  0								_________________________		
ORT10	C	CHAR	 25	81	02	80	30	00	 27	 38		  0	  0	  0		 16					  0	  0								_________________________		
ORT11	C	CHAR	 25	81	02	80	30	00	 27	 55		  0	  0	  0		 16					  0	  0								_________________________		
ORT12	C	CHAR	 25	81	02	80	30	00	 27	 72		  0	  0	  0		 16					  0	  0								_________________________		
ORT13	C	CHAR	 25	81	02	80	30	00	 27	 89		  0	  0	  0		 16					  0	  0								_________________________		
ORT14	C	CHAR	 25	81	02	80	30	00	 27	106		  0	  0	  0		 16					  0	  0								_________________________		
NAM08	C	CHAR	 16	80	02	80	30	00	 28	  4		  0	  0	  0		  0					  0	  0								________________		
NAM09	C	CHAR	 16	80	02	80	30	00	 28	 21		  0	  0	  0		  0					  0	  0								________________		
NAM10	C	CHAR	 16	80	02	80	30	00	 28	 38		  0	  0	  0		  0					  0	  0								________________		
NAM11	C	CHAR	 16	80	02	80	30	00	 28	 55		  0	  0	  0		  0					  0	  0								________________		
NAM12	C	CHAR	 16	80	02	80	30	00	 28	 72		  0	  0	  0		  0					  0	  0								________________		
NAM13	C	CHAR	 16	80	02	80	30	00	 28	 89		  0	  0	  0		  0					  0	  0								________________		
NAM14	C	CHAR	 16	80	02	80	30	00	 28	106		  0	  0	  0		  0					  0	  0								________________		
		CHAR	122	00	00	00	30	00	 30	  2		  0	  0	  0		 13	R				  0	  0	115									
PIC15			 16	00	00	00	30	00	 31	  4		  0	  0	  0		  8	U				  1	  1	116									
PIC16			 16	00	00	00	30	00	 31	 21		  0	  0	  0		  8	U				  1	  1	117									
PIC17			 16	00	00	00	30	00	 31	 38		  0	  0	  0		  8	U				  1	  1	118									
PIC18			 16	00	00	00	30	00	 31	 55		  0	  0	  0		  8	U				  1	  1	119									
PIC19			 16	00	00	00	30	00	 31	 72		  0	  0	  0		  8	U				  1	  1	120									
PIC20			 16	00	00	00	30	00	 31	 89		  0	  0	  0		  8	U				  1	  1	121									
PIC21			 16	00	00	00	30	00	 31	106		  0	  0	  0		  8	U				  1	  1	122									
%#AUTOTEXT018	0	CHAR	  7	00	00	00	30	00	 39	  4		  0	  0	  0		  0					  0	  0								▶사번		
PER15	C	CHAR	  8	80	02	80	3A	00	 39	 12		  0	  0	  0		  0					  0	  0								________		
%#AUTOTEXT019	0	CHAR	  7	00	00	00	30	00	 39	 21		  0	  0	  0		  0					  0	  0								▶사번		
PER16	C	CHAR	  8	80	02	80	3A	00	 39	 29		  0	  0	  0		  0					  0	  0								________		
%#AUTOTEXT020	0	CHAR	  7	00	00	00	30	00	 39	 38		  0	  0	  0		  0					  0	  0								▶사번		
PER17	C	CHAR	  8	80	02	80	3A	00	 39	 46		  0	  0	  0		  0					  0	  0								________		
%#AUTOTEXT021	0	CHAR	  7	00	00	00	30	00	 39	 55		  0	  0	  0		  0					  0	  0								▶사번		
PER18	C	CHAR	  8	80	02	80	3A	00	 39	 63		  0	  0	  0		  0					  0	  0								________		
%#AUTOTEXT022	0	CHAR	  7	00	00	00	30	00	 39	 72		  0	  0	  0		  0					  0	  0								▶사번		
PER19	C	CHAR	  8	80	02	80	3A	00	 39	 80		  0	  0	  0		  0					  0	  0								________		
%#AUTOTEXT023	0	CHAR	  7	00	00	00	30	00	 39	 89		  0	  0	  0		  0					  0	  0								▶사번		
PER20	C	CHAR	  8	80	02	80	3A	00	 39	 97		  0	  0	  0		  0					  0	  0								________		
%#AUTOTEXT024	0	CHAR	  7	00	00	00	30	00	 39	106		  0	  0	  0		  0					  0	  0								▶사번		
PER21	C	CHAR	  8	80	02	80	3A	00	 39	114		  0	  0	  0		  0					  0	  0								________		
ORT15	C	CHAR	 25	81	02	80	30	00	 40	  4		  0	  0	  0		 16					  0	  0								_________________________		
ORT16	C	CHAR	 25	81	02	80	30	00	 40	 21		  0	  0	  0		 16					  0	  0								_________________________		
ORT17	C	CHAR	 25	81	02	80	30	00	 40	 38		  0	  0	  0		 16					  0	  0								_________________________		
ORT18	C	CHAR	 25	81	02	80	30	00	 40	 55		  0	  0	  0		 16					  0	  0								_________________________		
ORT19	C	CHAR	 25	81	02	80	30	00	 40	 72		  0	  0	  0		 16					  0	  0								_________________________		
ORT20	C	CHAR	 25	81	02	80	30	00	 40	 89		  0	  0	  0		 16					  0	  0								_________________________		
ORT21	C	CHAR	 25	81	02	80	30	00	 40	106		  0	  0	  0		 16					  0	  0								_________________________		
NAM15	C	CHAR	 16	80	02	80	30	00	 41	  4		  0	  0	  0		  0					  0	  0								________________		
NAM16	C	CHAR	 16	80	02	80	30	00	 41	 21		  0	  0	  0		  0					  0	  0								________________		
NAM17	C	CHAR	 16	80	02	80	30	00	 41	 38		  0	  0	  0		  0					  0	  0								________________		
NAM18	C	CHAR	 16	80	02	80	30	00	 41	 55		  0	  0	  0		  0					  0	  0								________________		
NAM19	C	CHAR	 16	80	02	80	30	00	 41	 72		  0	  0	  0		  0					  0	  0								________________		
NAM20	C	CHAR	 16	80	02	80	30	00	 41	 89		  0	  0	  0		  0					  0	  0								________________		
NAM21	C	CHAR	 16	80	02	80	30	00	 41	106		  0	  0	  0		  0					  0	  0								________________		
OK_CODE		CHAR	 20	80	10	00	00	00	255	  1	O	  0	  0	  0		  0					  0	  0								____________________		
%_FLOWLOGIC																																
PROCESS BEFORE OUTPUT.																																
  MODULE INIT_DATA.																																
  MODULE STATUS_9000.																																
																																
PROCESS AFTER INPUT.																																
  MODULE EXIT AT EXIT-COMMAND.																																
  MODULE USER_COMMAND_9000.																																
