****************************************************************																																
*   THIS FILE WAS GENERATED BY DIRECT DOWNLOAD ENTERPRISE.     *																																
*   PLEASE DO NOT CHANGE IT MANUALLY.                          *																																
****************************************************************																																
%_DYNPRO																																
ZQMR0010																																
0200																																
731																																
                40																																
%_HEADER																																
ZQMR0010                                0200M0200     37122196 37  0  0 38128  0G 3                              20130329125952																																
%_DESCRIPTION																																
Screen 200																																
%_FIELDS																																
BTN_SAVE1		CHAR	132	00	00	00	30	00	  1	  2		  0	  0	  0		  7	P				  0	  0	101							@2L@ 저장	                                                                                                                                                                        SAVE1	
%#AUTOTEXT031		CHAR	 10	00	00	00	30	00	  3	  2		  0	  0	  0		  0	P				  0	  0	102							의뢰번호		
ZQMT0120-REQNO	C	CHAR	 20	B0	00	80	30	00	  3	 13		  0	  0	  0		  0					 18	  0								____________________	                                       00	
%#AUTOTEXT034		CHAR	 10	00	00	00	30	00	  3	 62		  0	  0	  0		  0	P				  0	  0	103							샘플접수일		
ZQMT0120-SAMPLE_2	D	DATE	 10	A0	00	80	00	08	  3	 73		  0	  0	  0		  0					 16	  0								__________	X                                      00	
%#AUTOTEXT032		CHAR	 10	00	00	00	30	00	  4	  2		  0	  0	  0		  0	P				  0	  0	104							샘플분석일		
ZQMT0130-QADATE	D	DATE	 10	A0	00	80	00	08	  4	 13		  0	  0	  0		  0					 16	  0								__________	X                                      00	
%#AUTOTEXT035		CHAR	 10	00	00	00	30	00	  4	 62		  0	  0	  0		  0	P				  0	  0	105							샘플중량		
ZQMT0120-SAMPQUAN	P	QUAN	 17	A0	00	80	30	00	  4	 73		  0	  0	  0		  0					 13	  3		ZQMT0120-SAMPUNIT						_.___.___.___,___	                                       00	
ZQMT0120-SAMPUNIT	C	UNIT	  3	A0	02	80	30	00	  4	 91		  0	  0	  0		  0				CUNIT	  6	  0								___	                                       00	
%#AUTOTEXT033		CHAR	 10	00	00	00	30	00	  5	  2		  0	  0	  0		  0	P				  0	  0	106							자재코드		
ZQMT0120-MATNR	C	CHAR	 18	A0	00	80	30	08	  5	 13		  0	  0	  0		  0			MAT	MATN1	 36	  0								__________________	X                                      00	
%#AUTOTEXT036		CHAR	 10	00	00	00	30	00	  5	 62		  0	  0	  0		  0	P				  0	  0	107							자재내역		
ZQMT0120-MAKTX	C	CHAR	 40	A0	02	80	30	00	  5	 73		  0	  0	  0		  0					 80	  0								________________________________________	                                       00	
%#AUTOTEXT037		CHAR	 27	00	00	00	30	00	  6	 34		  0	  0	  0		  0	P				  0	  0	108							HYUNDAI		
%#AUTOTEXT038		CHAR	 41	00	00	00	30	00	  6	 62		  0	  0	  0		  0	P				  0	  0	109							샘플		
%#AUTOTEXT039		CHAR	 20	00	00	00	30	00	  7	 13		  0	  0	  0		  0	P				  0	  0	110							Chemical Analysis		
%#AUTOTEXT040		CHAR	 13	00	00	00	30	00	  7	 34		  0	  0	  0		  0	P				  0	  0	111							Min		
%#AUTOTEXT041		CHAR	 13	00	00	00	30	00	  7	 48		  0	  0	  0		  0	P				  0	  0	112							Max		
%#AUTOTEXT042		CHAR	 20	00	00	00	30	00	  7	 62		  0	  0	  0		  0	P				  0	  0	113							제시 SPEC		
%#AUTOTEXT043		CHAR	 20	00	00	00	30	00	  7	 83		  0	  0	  0		  0	P				  0	  0	114							분석결과		
%#AUTOTEXT044		CHAR	 20	00	00	00	30	00	  7	104		  0	  0	  0		  0	P				  0	  0	115							비고		
ZQMT0030-COMP_1	C	CHAR	 20	A0	02	80	30	00	  8	 13		  0	  0	  0		  0					 40	  0								____________________	                                       00	
ZQMT0030-SPEC_FR_1	C	CHAR	 20	A1	02	80	30	00	  8	 34		  0	  0	  0		 13					 40	  0								____________________	                                       00	
ZQMT0030-SPEC_TO_1	C	CHAR	 20	A1	02	80	30	00	  8	 48		  0	  0	  0		 13					 40	  0								____________________	                                       00	
ZQMT0130-JESI_A1	C	CHAR	 20	A0	02	80	00	00	  8	 62		  0	  0	  0		  0					 40	  0								____________________	                                       00	
ZQMT0130-DATA_A1	C	CHAR	 20	A0	02	80	00	00	  8	 83		  0	  0	  0		  0					 40	  0								____________________	                                       00	
ZQMT0130-RESULT_A1	C	CHAR	 20	A0	02	81	00	08	  8	104		  0	  0	  0		  0					 40	  0								____________________	X                                      00	
ZQMT0030-COMP_2	C	CHAR	 20	A0	02	80	30	00	  9	 13		  0	  0	  0		  0					 40	  0								____________________	                                       00	
ZQMT0030-SPEC_FR_2	C	CHAR	 20	A1	02	80	30	00	  9	 34		  0	  0	  0		 13					 40	  0								____________________	                                       00	
ZQMT0030-SPEC_TO_2	C	CHAR	 20	A1	02	80	30	00	  9	 48		  0	  0	  0		 13					 40	  0								____________________	                                       00	
ZQMT0130-JESI_A2	C	CHAR	 20	A0	02	80	00	00	  9	 62		  0	  0	  0		  0					 40	  0								____________________	                                       00	
ZQMT0130-DATA_A2	C	CHAR	 20	A0	02	80	00	00	  9	 83		  0	  0	  0		  0					 40	  0								____________________	                                       00	
ZQMT0130-RESULT_A2	C	CHAR	 20	A0	02	81	00	08	  9	104		  0	  0	  0		  0					 40	  0								____________________	X                                      00	
ZQMT0030-COMP_3	C	CHAR	 20	A0	02	80	30	00	 10	 13		  0	  0	  0		  0					 40	  0								____________________	                                       00	
ZQMT0030-SPEC_FR_3	C	CHAR	 20	A1	02	80	30	00	 10	 34		  0	  0	  0		 13					 40	  0								____________________	                                       00	
ZQMT0030-SPEC_TO_3	C	CHAR	 20	A1	02	80	30	00	 10	 48		  0	  0	  0		 13					 40	  0								____________________	                                       00	
ZQMT0130-JESI_A3	C	CHAR	 20	A0	02	80	00	00	 10	 62		  0	  0	  0		  0					 40	  0								____________________	                                       00	
ZQMT0130-DATA_A3	C	CHAR	 20	A0	02	80	00	00	 10	 83		  0	  0	  0		  0					 40	  0								____________________	                                       00	
ZQMT0130-RESULT_A3	C	CHAR	 20	A0	02	81	00	08	 10	104		  0	  0	  0		  0					 40	  0								____________________	X                                      00	
ZQMT0030-COMP_4	C	CHAR	 20	A0	02	80	30	00	 11	 13		  0	  0	  0		  0					 40	  0								____________________	                                       00	
ZQMT0030-SPEC_FR_4	C	CHAR	 20	A1	02	80	30	00	 11	 34		  0	  0	  0		 13					 40	  0								____________________	                                       00	
ZQMT0030-SPEC_TO_4	C	CHAR	 20	A1	02	80	30	00	 11	 48		  0	  0	  0		 13					 40	  0								____________________	                                       00	
ZQMT0130-JESI_A4	C	CHAR	 20	A0	02	80	00	00	 11	 62		  0	  0	  0		  0					 40	  0								____________________	                                       00	
ZQMT0130-DATA_A4	C	CHAR	 20	A0	02	80	00	00	 11	 83		  0	  0	  0		  0					 40	  0								____________________	                                       00	
ZQMT0130-RESULT_A4	C	CHAR	 20	A0	02	81	00	08	 11	104		  0	  0	  0		  0					 40	  0								____________________	X                                      00	
ZQMT0030-COMP_5	C	CHAR	 20	A0	02	80	30	00	 12	 13		  0	  0	  0		  0					 40	  0								____________________	                                       00	
ZQMT0030-SPEC_FR_5	C	CHAR	 20	A1	02	80	30	00	 12	 34		  0	  0	  0		 13					 40	  0								____________________	                                       00	
ZQMT0030-SPEC_TO_5	C	CHAR	 20	A1	02	80	30	00	 12	 48		  0	  0	  0		 13					 40	  0								____________________	                                       00	
ZQMT0130-JESI_A5	C	CHAR	 20	A0	02	80	00	00	 12	 62		  0	  0	  0		  0					 40	  0								____________________	                                       00	
ZQMT0130-DATA_A5	C	CHAR	 20	A0	02	80	00	00	 12	 83		  0	  0	  0		  0					 40	  0								____________________	                                       00	
ZQMT0130-RESULT_A5	C	CHAR	 20	A0	02	81	00	08	 12	104		  0	  0	  0		  0					 40	  0								____________________	X                                      00	
ZQMT0030-COMP_6	C	CHAR	 20	A0	02	80	30	00	 13	 13		  0	  0	  0		  0					 40	  0								____________________	                                       00	
ZQMT0030-SPEC_FR_6	C	CHAR	 20	A1	02	80	30	00	 13	 34		  0	  0	  0		 13					 40	  0								____________________	                                       00	
ZQMT0030-SPEC_TO_6	C	CHAR	 20	A1	02	80	30	00	 13	 48		  0	  0	  0		 13					 40	  0								____________________	                                       00	
ZQMT0130-JESI_A6	C	CHAR	 20	A0	02	80	00	00	 13	 62		  0	  0	  0		  0					 40	  0								____________________	                                       00	
ZQMT0130-DATA_A6	C	CHAR	 20	A0	02	80	00	00	 13	 83		  0	  0	  0		  0					 40	  0								____________________	                                       00	
ZQMT0130-RESULT_A6	C	CHAR	 20	A0	02	81	00	08	 13	104		  0	  0	  0		  0					 40	  0								____________________	X                                      00	
ZQMT0030-COMP_7	C	CHAR	 20	A0	02	80	30	00	 14	 13		  0	  0	  0		  0					 40	  0								____________________	                                       00	
ZQMT0030-SPEC_FR_7	C	CHAR	 20	A1	02	80	30	00	 14	 34		  0	  0	  0		 13					 40	  0								____________________	                                       00	
ZQMT0030-SPEC_TO_7	C	CHAR	 20	A1	02	80	30	00	 14	 48		  0	  0	  0		 13					 40	  0								____________________	                                       00	
ZQMT0130-JESI_A7	C	CHAR	 20	A0	02	80	00	00	 14	 62		  0	  0	  0		  0					 40	  0								____________________	                                       00	
ZQMT0130-DATA_A7	C	CHAR	 20	A0	02	80	00	00	 14	 83		  0	  0	  0		  0					 40	  0								____________________	                                       00	
ZQMT0130-RESULT_A7	C	CHAR	 20	A0	02	81	00	08	 14	104		  0	  0	  0		  0					 40	  0								____________________	X                                      00	
ZQMT0030-COMP_8	C	CHAR	 20	A0	02	80	30	00	 15	 13		  0	  0	  0		  0					 40	  0								____________________	                                       00	
ZQMT0030-SPEC_FR_8	C	CHAR	 20	A1	02	80	30	00	 15	 34		  0	  0	  0		 13					 40	  0								____________________	                                       00	
ZQMT0030-SPEC_TO_8	C	CHAR	 20	A1	02	80	30	00	 15	 48		  0	  0	  0		 13					 40	  0								____________________	                                       00	
ZQMT0130-JESI_A8	C	CHAR	 20	A0	02	80	00	00	 15	 62		  0	  0	  0		  0					 40	  0								____________________	                                       00	
ZQMT0130-DATA_A8	C	CHAR	 20	A0	02	80	00	00	 15	 83		  0	  0	  0		  0					 40	  0								____________________	                                       00	
ZQMT0130-RESULT_A8	C	CHAR	 20	A0	02	81	00	08	 15	104		  0	  0	  0		  0					 40	  0								____________________	X                                      00	
ZQMT0030-COMP_9	C	CHAR	 20	A0	02	80	30	00	 16	 13		  0	  0	  0		  0					 40	  0								____________________	                                       00	
ZQMT0030-SPEC_FR_9	C	CHAR	 20	A1	02	80	30	00	 16	 34		  0	  0	  0		 13					 40	  0								____________________	                                       00	
ZQMT0030-SPEC_TO_9	C	CHAR	 20	A1	02	80	30	00	 16	 48		  0	  0	  0		 13					 40	  0								____________________	                                       00	
ZQMT0130-JESI_A9	C	CHAR	 20	A0	02	80	00	00	 16	 62		  0	  0	  0		  0					 40	  0								____________________	                                       00	
ZQMT0130-DATA_A9	C	CHAR	 20	A0	02	80	00	00	 16	 83		  0	  0	  0		  0					 40	  0								____________________	                                       00	
ZQMT0130-RESULT_A9	C	CHAR	 20	A0	02	81	00	08	 16	104		  0	  0	  0		  0					 40	  0								____________________	X                                      00	
ZQMT0030-COMP_10	C	CHAR	 20	A0	02	80	30	00	 17	 13		  0	  0	  0		  0					 40	  0								____________________	                                       00	
ZQMT0030-SPEC_FR_10	C	CHAR	 20	A1	02	80	30	00	 17	 34		  0	  0	  0		 13					 40	  0								____________________	                                       00	
ZQMT0030-SPEC_TO_10	C	CHAR	 20	A1	02	80	30	00	 17	 48		  0	  0	  0		 13					 40	  0								____________________	                                       00	
ZQMT0130-JESI_A10	C	CHAR	 20	A0	02	80	00	00	 17	 62		  0	  0	  0		  0					 40	  0								____________________	                                       00	
ZQMT0130-DATA_A10	C	CHAR	 20	A0	02	80	00	00	 17	 83		  0	  0	  0		  0					 40	  0								____________________	                                       00	
ZQMT0130-RESULT_A10	C	CHAR	 20	A0	02	81	00	08	 17	104		  0	  0	  0		  0					 40	  0								____________________	X                                      00	
ZQMT0030-COMP_11	C	CHAR	 20	A0	02	80	30	00	 18	 13		  0	  0	  0		  0					 40	  0								____________________	                                       00	
ZQMT0030-SPEC_FR_11	C	CHAR	 20	A1	02	80	30	00	 18	 34		  0	  0	  0		 13					 40	  0								____________________	                                       00	
ZQMT0030-SPEC_TO_11	C	CHAR	 20	A1	02	80	30	00	 18	 48		  0	  0	  0		 13					 40	  0								____________________	                                       00	
ZQMT0130-JESI_A11	C	CHAR	 20	A0	02	80	00	00	 18	 62		  0	  0	  0		  0					 40	  0								____________________	                                       00	
ZQMT0130-DATA_A11	C	CHAR	 20	A0	02	80	00	00	 18	 83		  0	  0	  0		  0					 40	  0								____________________	                                       00	
ZQMT0130-RESULT_A11	C	CHAR	 20	A0	02	81	00	08	 18	104		  0	  0	  0		  0					 40	  0								____________________	X                                      00	
ZQMT0030-COMP_12	C	CHAR	 20	A0	02	80	30	00	 19	 13		  0	  0	  0		  0					 40	  0								____________________	                                       00	
ZQMT0030-SPEC_FR_12	C	CHAR	 20	A1	02	80	30	00	 19	 34		  0	  0	  0		 13					 40	  0								____________________	                                       00	
ZQMT0030-SPEC_TO_12	C	CHAR	 20	A1	02	80	30	00	 19	 48		  0	  0	  0		 13					 40	  0								____________________	                                       00	
ZQMT0130-JESI_A12	C	CHAR	 20	A0	02	80	00	00	 19	 62		  0	  0	  0		  0					 40	  0								____________________	                                       00	
ZQMT0130-DATA_A12	C	CHAR	 20	A0	02	80	00	00	 19	 83		  0	  0	  0		  0					 40	  0								____________________	                                       00	
ZQMT0130-RESULT_A12	C	CHAR	 20	A0	02	81	00	08	 19	104		  0	  0	  0		  0					 40	  0								____________________	X                                      00	
%#AUTOTEXT045		CHAR	 90	00	00	00	30	00	 20	 13		  0	  0	  0		  0	P				  0	  0	116							성분 분석 결과		
ZQMT0130-CHEMRESULT	C	CHAR	 20	A0	02	81	00	08	 20	104		  0	  0	  0		  0					 40	  0								____________________	X                                      00	
%#AUTOTEXT046		CHAR	 20	00	00	00	30	00	 21	 13		  0	  0	  0		  0	P				  0	  0	117							SIZE DISTRIBUTION		
%#AUTOTEXT047		CHAR	 27	00	00	00	30	00	 21	 34		  0	  0	  0		  0	P				  0	  0	118							HYUNDAI		
%#AUTOTEXT048		CHAR	 41	00	00	00	30	00	 21	 62		  0	  0	  0		  0	P				  0	  0	119							샘플		
%#AUTOTEXT049		CHAR	 11	00	00	00	30	00	 22	 13		  0	  0	  0		  0	P				  0	  0	120							MESH		
%#AUTOTEXT050		CHAR	  8	00	00	00	30	00	 22	 25		  0	  0	  0		  0	P				  0	  0	121							MICONS		
%#AUTOTEXT051		CHAR	 13	00	00	00	30	00	 22	 34		  0	  0	  0		  0	P				  0	  0	122							Min		
%#AUTOTEXT052		CHAR	 13	00	00	00	30	00	 22	 48		  0	  0	  0		  0	P				  0	  0	123							Max		
%#AUTOTEXT053		CHAR	 20	00	00	00	30	00	 22	 62		  0	  0	  0		  0	P				  0	  0	124							제시 SPEC		
%#AUTOTEXT054		CHAR	 20	00	00	00	30	00	 22	 83		  0	  0	  0		  0	P				  0	  0	125							분석결과		
%#AUTOTEXT055		CHAR	 20	00	00	00	30	00	 22	104		  0	  0	  0		  0	P				  0	  0	126							비고		
BTN_1		CHAR	 11	00	00	00	30	00	 23	 13		  0	  0	  0		  0	P				  0	  0	127							35		
BTN_3		CHAR	  8	00	00	00	30	00	 23	 25		  0	  0	  0		  0	P				  0	  0	128							500		
ZQMT0030-ZP35_SPEC_FR	C	CHAR	 20	A1	02	80	30	00	 23	 34		  0	  0	  0		 13					 40	  0								____________________	                                       00	
ZQMT0030-ZP500_SPEC_TO	C	CHAR	 20	A1	02	80	30	00	 23	 48		  0	  0	  0		 13					 40	  0								____________________	                                       00	
ZQMT0130-JESI_B1	C	CHAR	 20	A0	02	80	00	00	 23	 62		  0	  0	  0		  0					 40	  0								____________________	                                       00	
ZQMT0130-DATA_B1	C	CHAR	 20	A0	02	80	00	00	 23	 83		  0	  0	  0		  0					 40	  0								____________________	                                       00	
ZQMT0130-RESULT_B1	C	CHAR	 20	A0	02	81	00	08	 23	104		  0	  0	  0		  0					 40	  0								____________________	X                                      00	
BTN_2		CHAR	 11	00	00	00	30	00	 24	 13		  0	  0	  0		  0	P				  0	  0	129							50		
BTN_4		CHAR	  8	00	00	00	30	00	 24	 25		  0	  0	  0		  0	P				  0	  0	130							300		
ZQMT0030-ZP50_SPEC_FR	C	CHAR	 20	A1	02	80	30	00	 24	 34		  0	  0	  0		 13					 40	  0								____________________	                                       00	
ZQMT0030-ZP300_SPEC_TO	C	CHAR	 20	A1	02	80	30	00	 24	 48		  0	  0	  0		 13					 40	  0								____________________	                                       00	
ZQMT0130-JESI_B2	C	CHAR	 20	A0	02	80	00	00	 24	 62		  0	  0	  0		  0					 40	  0								____________________	                                       00	
ZQMT0130-DATA_B2	C	CHAR	 20	A0	02	80	00	00	 24	 83		  0	  0	  0		  0					 40	  0								____________________	                                       00	
ZQMT0130-RESULT_B2	C	CHAR	 20	A0	02	81	00	08	 24	104		  0	  0	  0		  0					 40	  0								____________________	X                                      00	
BTN_5		CHAR	 11	00	00	00	30	00	 25	 13		  0	  0	  0		  0	P				  0	  0	131							60		
BTN_6		CHAR	  8	00	00	00	30	00	 25	 25		  0	  0	  0		  0	P				  0	  0	132							250		
ZQMT0030-ZP60_SPEC_FR	C	CHAR	 20	A1	02	80	30	00	 25	 34		  0	  0	  0		 13					 40	  0								____________________	                                       00	
ZQMT0030-ZP250_SPEC_TO	C	CHAR	 20	A1	02	80	30	00	 25	 48		  0	  0	  0		 13					 40	  0								____________________	                                       00	
ZQMT0130-JESI_B3	C	CHAR	 20	A0	02	80	00	00	 25	 62		  0	  0	  0		  0					 40	  0								____________________	                                       00	
ZQMT0130-DATA_B3	C	CHAR	 20	A0	02	80	00	00	 25	 83		  0	  0	  0		  0					 40	  0								____________________	                                       00	
ZQMT0130-RESULT_B3	C	CHAR	 20	A0	02	81	00	08	 25	104		  0	  0	  0		  0					 40	  0								____________________	X                                      00	
BTN_7		CHAR	 11	00	00	00	30	00	 26	 13		  0	  0	  0		  0	P				  0	  0	133							100		
BTN_8		CHAR	  8	00	00	00	30	00	 26	 25		  0	  0	  0		  0	P				  0	  0	134							150		
ZQMT0030-ZP100_SPEC_FR	C	CHAR	 20	A1	02	80	30	00	 26	 34		  0	  0	  0		 13					 40	  0								____________________	                                       00	
ZQMT0030-ZP150_SPEC_TO	C	CHAR	 20	A1	02	80	30	00	 26	 48		  0	  0	  0		 13					 40	  0								____________________	                                       00	
ZQMT0130-JESI_B4	C	CHAR	 20	A0	02	80	00	00	 26	 62		  0	  0	  0		  0					 40	  0								____________________	                                       00	
ZQMT0130-DATA_B4	C	CHAR	 20	A0	02	80	00	00	 26	 83		  0	  0	  0		  0					 40	  0								____________________	                                       00	
ZQMT0130-RESULT_B4	C	CHAR	 20	A0	02	81	00	08	 26	104		  0	  0	  0		  0					 40	  0								____________________	X                                      00	
BTN_9		CHAR	 11	00	00	00	30	00	 27	 13		  0	  0	  0		  0	P				  0	  0	135							140		
BTN_10		CHAR	  8	00	00	00	30	00	 27	 25		  0	  0	  0		  0	P				  0	  0	136							106		
ZQMT0030-ZP140_SPEC_FR	C	CHAR	 20	A1	02	80	30	00	 27	 34		  0	  0	  0		 13					 40	  0								____________________	                                       00	
ZQMT0030-ZP106_SPEC_TO	C	CHAR	 20	A1	02	80	30	00	 27	 48		  0	  0	  0		 13					 40	  0								____________________	                                       00	
ZQMT0130-JESI_B5	C	CHAR	 20	A0	02	80	00	00	 27	 62		  0	  0	  0		  0					 40	  0								____________________	                                       00	
ZQMT0130-DATA_B5	C	CHAR	 20	A0	02	80	00	00	 27	 83		  0	  0	  0		  0					 40	  0								____________________	                                       00	
ZQMT0130-RESULT_B5	C	CHAR	 20	A0	02	81	00	08	 27	104		  0	  0	  0		  0					 40	  0								____________________	X                                      00	
BTN_11		CHAR	 11	00	00	00	30	00	 28	 13		  0	  0	  0		  0	P				  0	  0	137							-140		
BTN_12		CHAR	  8	00	00	00	30	00	 28	 25		  0	  0	  0		  0	P				  0	  0	138							-106		
ZQMT0030-ZM140_SPEC_FR	C	CHAR	 20	A1	02	80	30	00	 28	 34		  0	  0	  0		 13					 40	  0								____________________	                                       00	
ZQMT0030-ZM106_SPEC_TO	C	CHAR	 20	A1	02	80	30	00	 28	 48		  0	  0	  0		 13					 40	  0								____________________	                                       00	
ZQMT0130-JESI_B6	C	CHAR	 20	A0	02	80	00	00	 28	 62		  0	  0	  0		  0					 40	  0								____________________	                                       00	
ZQMT0130-DATA_B6	C	CHAR	 20	A0	02	80	00	00	 28	 83		  0	  0	  0		  0					 40	  0								____________________	                                       00	
ZQMT0130-RESULT_B6	C	CHAR	 20	A0	02	81	00	08	 28	104		  0	  0	  0		  0					 40	  0								____________________	X                                      00	
BTN_13		CHAR	 11	00	00	00	30	00	 29	 13		  0	  0	  0		  0	P				  0	  0	139							200		
BTN_14		CHAR	  8	00	00	00	30	00	 29	 25		  0	  0	  0		  0	P				  0	  0	140							75		
ZQMT0030-ZP200_SPEC_FR	C	CHAR	 20	A1	02	80	30	00	 29	 34		  0	  0	  0		 13					 40	  0								____________________	                                       00	
ZQMT0030-ZP75_SPEC_TO	C	CHAR	 20	A1	02	80	30	00	 29	 48		  0	  0	  0		 13					 40	  0								____________________	                                       00	
ZQMT0130-JESI_B7	C	CHAR	 20	A0	02	80	00	00	 29	 62		  0	  0	  0		  0					 40	  0								____________________	                                       00	
ZQMT0130-DATA_B7	C	CHAR	 20	A0	02	80	00	00	 29	 83		  0	  0	  0		  0					 40	  0								____________________	                                       00	
ZQMT0130-RESULT_B7	C	CHAR	 20	A0	02	81	00	08	 29	104		  0	  0	  0		  0					 40	  0								____________________	X                                      00	
BTN_15		CHAR	 11	00	00	00	30	00	 30	 13		  0	  0	  0		  0	P				  0	  0	141							-200		
BTN_16		CHAR	  8	00	00	00	30	00	 30	 25		  0	  0	  0		  0	P				  0	  0	142							-75		
ZQMT0030-ZM200_SPEC_FR	C	CHAR	 20	A1	02	80	30	00	 30	 34		  0	  0	  0		 13					 40	  0								____________________	                                       00	
ZQMT0030-ZM75_SPEC_TO	C	CHAR	 20	A1	02	80	30	00	 30	 48		  0	  0	  0		 13					 40	  0								____________________	                                       00	
ZQMT0130-JESI_B8	C	CHAR	 20	A0	02	80	00	00	 30	 62		  0	  0	  0		  0					 40	  0								____________________	                                       00	
ZQMT0130-DATA_B8	C	CHAR	 20	A0	02	80	00	00	 30	 83		  0	  0	  0		  0					 40	  0								____________________	                                       00	
ZQMT0130-RESULT_B8	C	CHAR	 20	A0	02	81	00	08	 30	104		  0	  0	  0		  0					 40	  0								____________________	X                                      00	
BTN_17		CHAR	 11	00	00	00	30	00	 31	 13		  0	  0	  0		  0	P				  0	  0	143							230		
BTN_18		CHAR	  8	00	00	00	30	00	 31	 25		  0	  0	  0		  0	P				  0	  0	144							63		
ZQMT0030-ZP230_SPEC_FR	C	CHAR	 20	A1	02	80	30	00	 31	 34		  0	  0	  0		 13					 40	  0								____________________	                                       00	
ZQMT0030-ZP63_SPEC_TO	C	CHAR	 20	A1	02	80	30	00	 31	 48		  0	  0	  0		 13					 40	  0								____________________	                                       00	
ZQMT0130-JESI_B9	C	CHAR	 20	A0	02	80	00	00	 31	 62		  0	  0	  0		  0					 40	  0								____________________	                                       00	
ZQMT0130-DATA_B9	C	CHAR	 20	A0	02	80	00	00	 31	 83		  0	  0	  0		  0					 40	  0								____________________	                                       00	
ZQMT0130-RESULT_B9	C	CHAR	 20	A0	02	81	00	08	 31	104		  0	  0	  0		  0					 40	  0								____________________	X                                      00	
BTN_19		CHAR	 11	00	00	00	30	00	 32	 13		  0	  0	  0		  0	P				  0	  0	145							-230		
BTN_20		CHAR	  8	00	00	00	30	00	 32	 25		  0	  0	  0		  0	P				  0	  0	146							-63		
ZQMT0030-ZM230_SPEC_FR	C	CHAR	 20	A1	02	80	30	00	 32	 34		  0	  0	  0		 13					 40	  0								____________________	                                       00	
ZQMT0030-ZM63_SPEC_TO	C	CHAR	 20	A1	02	80	30	00	 32	 48		  0	  0	  0		 13					 40	  0								____________________	                                       00	
ZQMT0130-JESI_B10	C	CHAR	 20	A0	02	80	00	00	 32	 62		  0	  0	  0		  0					 40	  0								____________________	                                       00	
ZQMT0130-DATA_B10	C	CHAR	 20	A0	02	80	00	00	 32	 83		  0	  0	  0		  0					 40	  0								____________________	                                       00	
ZQMT0130-RESULT_B10	C	CHAR	 20	A0	02	81	00	08	 32	104		  0	  0	  0		  0					 40	  0								____________________	X                                      00	
BTN_21		CHAR	 11	00	00	00	30	00	 33	 13		  0	  0	  0		  0	P				  0	  0	147							325		
BTN_22		CHAR	  8	00	00	00	30	00	 33	 25		  0	  0	  0		  0	P				  0	  0	148							45		
ZQMT0030-ZP325_SPEC_FR	C	CHAR	 20	A1	02	80	30	00	 33	 34		  0	  0	  0		 13					 40	  0								____________________	                                       00	
ZQMT0030-ZP45_SPEC_TO	C	CHAR	 20	A1	02	80	30	00	 33	 48		  0	  0	  0		 13					 40	  0								____________________	                                       00	
ZQMT0130-JESI_B11	C	CHAR	 20	A0	02	80	00	00	 33	 62		  0	  0	  0		  0					 40	  0								____________________	                                       00	
ZQMT0130-DATA_B11	C	CHAR	 20	A0	02	80	00	00	 33	 83		  0	  0	  0		  0					 40	  0								____________________	                                       00	
ZQMT0130-RESULT_B11	C	CHAR	 20	A0	02	81	00	08	 33	104		  0	  0	  0		  0					 40	  0								____________________	X                                      00	
BTN_23		CHAR	 11	00	00	00	30	00	 34	 13		  0	  0	  0		  0	P				  0	  0	149							-325		
BTN_24		CHAR	  8	00	00	00	30	00	 34	 25		  0	  0	  0		  0	P				  0	  0	150							-45		
ZQMT0030-ZM325_SPEC_FR	C	CHAR	 20	A1	02	80	30	00	 34	 34		  0	  0	  0		 13					 40	  0								____________________	                                       00	
ZQMT0030-ZM45_SPEC_TO	C	CHAR	 20	A1	02	80	30	00	 34	 48		  0	  0	  0		 13					 40	  0								____________________	                                       00	
ZQMT0130-JESI_B12	C	CHAR	 20	A0	02	80	00	00	 34	 62		  0	  0	  0		  0					 40	  0								____________________	                                       00	
ZQMT0130-DATA_B12	C	CHAR	 20	A0	02	80	00	00	 34	 83		  0	  0	  0		  0					 40	  0								____________________	                                       00	
ZQMT0130-RESULT_B12	C	CHAR	 20	A0	02	81	00	08	 34	104		  0	  0	  0		  0					 40	  0								____________________	X                                      00	
%#AUTOTEXT060		CHAR	 90	00	00	00	30	00	 35	 13		  0	  0	  0		  0	P				  0	  0	151							입도 분석 결과		
ZQMT0130-MESHRESULT	C	CHAR	 20	A0	02	81	00	08	 35	104		  0	  0	  0		  0					 40	  0								____________________	X                                      00	
%#AUTOTEXT056		CHAR	 10	00	00	00	30	00	 36	  2		  0	  0	  0		  0	P				  0	  0	152							검사자		
ZQMT0120-QANAME	C	CHAR	 10	A0	00	80	00	00	 36	 13		  0	  0	  0		  0					 20	  0								__________	                                       00	
%#AUTOTEXT058		CHAR	 11	00	00	00	30	00	 36	 34		  0	  0	  0		  0	P				  0	  0	153							검사완료일		
ZQMT0120-SAMPLE_3	D	DATE	 10	A0	00	80	00	08	 36	 46		  0	  0	  0		  0					 16	  0								__________	X                                      00	
%#AUTOTEXT059		CHAR	 10	00	00	00	30	00	 36	 93		  0	  0	  0		  0	P				  0	  0	154							판정		
ZQMT0120-SAMTEST	C	CHAR	  6	A0	00	81	00	08	 36	104		  0	  0	  0		  0					 12	  0								______	X                                      00	
%#AUTOTEXT057		CHAR	 10	00	00	00	30	00	 37	  2		  0	  0	  0		  0	P				  0	  0	155							검사자의견		
ZQMT0120-TEXT_1	C	CHAR	150	B1	00	80	00	00	 37	 13		  0	  0	  0		111					255	  0								____________________________________________________________________________________________________________________________________	                                       00	
		CHAR	 20	80	10	00	00	00	255	  1	O	  0	  0	  0		  0					  0	  0								____________________		
%_FLOWLOGIC																																
																																
PROCESS BEFORE OUTPUT.																																
  MODULE pbo_0200.																																
																																
PROCESS AFTER INPUT.																																
  MODULE pai_0200.																																
