****************************************************************																																
*   THIS FILE WAS GENERATED BY DIRECT DOWNLOAD ENTERPRISE.     *																																
*   PLEASE DO NOT CHANGE IT MANUALLY.                          *																																
****************************************************************																																
%_DYNPRO																																
Y_PA001																																
9000																																
731																																
                40																																
%_HEADER																																
Y_PA001                                 9000 9000     29120192 37  0  0 30121  0G 3                              20130730150734																																
%_DESCRIPTION																																
Screen 9000																																
%_FIELDS																																
BOX1		CHAR	 48	00	00	00	30	00	  1	  2		  0	  0	  0		  3	R				  0	  0	117							[ 急琶 炼扒 ]		
%#AUTOTEXT001	0	CHAR	 11	00	00	00	78	00	  2	  6		  0	  0	  0		  0					  0	  0								∝ 炼雀扁埃	                                                                                                                                                                                                                                                        X	
PA0002-BEGDA	D	DATE	 10	A0	00	A0	00	08	  2	 20		  0	  0	  0		  0					 16	  0								__________	X                                      00	
%#AUTOTEXT002	0	CHAR	  2	00	00	00	30	00	  2	 32		  0	  0	  0		  0					  0	  0								##	                                                                                                                                                                                                                                                        X	
PA0002-ENDDA	D	DATE	 10	A0	00	A0	00	08	  2	 36		  0	  0	  0		  0					 16	  0								__________	X                                      00	
DISP		CHAR	 15	00	00	00	30	00	  2	 52		  0	  0	  0		 13	P				  0	  0	118							@BY@ 积老磊炼雀	                                                                                                                                                                        DISP	
%#AUTOTEXT017		CHAR	 22	00	00	00	30	00	  2	100		  0	  0	  0		 21	P				  0	  0	119							@3W@ 积老磊府胶飘 炼雀	                                                                                                                                                                        LIST	
BOX2		CHAR	120	00	00	00	30	00	  4	  2		  0	  0	  0		 13	R				  0	  0	120							积老磊府胶飘		
PIC01			 16	00	00	00	30	00	  5	  3		  0	  0	  0		  8	U				  1	  1	101									
PIC02			 16	00	00	00	30	00	  5	 20		  0	  0	  0		  8	U				  1	  1	102									
PIC03			 16	00	00	00	30	00	  5	 37		  0	  0	  0		  8	U				  1	  1	103									
PIC04			 16	00	00	00	30	00	  5	 54		  0	  0	  0		  8	U				  1	  1	104									
PIC05			 16	00	00	00	30	00	  5	 71		  0	  0	  0		  8	U				  1	  1	105									
PIC06			 16	00	00	00	30	00	  5	 88		  0	  0	  0		  8	U				  1	  1	106									
PIC07			 16	00	00	00	30	00	  5	105		  0	  0	  0		  8	U				  1	  1	107									
NAM01	C	CHAR	 16	80	02	80	30	00	 13	  3		  0	  0	  0		  0					  0	  0								________________		
NAM02	C	CHAR	 16	80	02	80	30	00	 13	 20		  0	  0	  0		  0					  0	  0								________________		
NAM03	C	CHAR	 16	80	02	80	30	00	 13	 37		  0	  0	  0		  0					  0	  0								________________		
NAM04	C	CHAR	 16	80	02	80	30	00	 13	 54		  0	  0	  0		  0					  0	  0								________________		
NAM05	C	CHAR	 16	80	02	80	30	00	 13	 71		  0	  0	  0		  0					  0	  0								________________		
NAM06	C	CHAR	 16	80	02	80	30	00	 13	 88		  0	  0	  0		  0					  0	  0								________________		
NAM07	C	CHAR	 16	80	02	80	30	00	 13	105		  0	  0	  0		  0					  0	  0								________________		
ORG01	C	CHAR	 16	80	02	80	30	00	 14	  3		  0	  0	  0		  0					  0	  0								________________		
ORG02	C	CHAR	 16	80	02	80	30	00	 14	 20		  0	  0	  0		  0					  0	  0								________________		
ORG03	C	CHAR	 16	80	02	80	30	00	 14	 37		  0	  0	  0		  0					  0	  0								________________		
ORG04	C	CHAR	 16	80	02	80	30	00	 14	 54		  0	  0	  0		  0					  0	  0								________________		
ORG05	C	CHAR	 16	80	02	80	30	00	 14	 71		  0	  0	  0		  0					  0	  0								________________		
ORG06	C	CHAR	 16	80	02	80	30	00	 14	 88		  0	  0	  0		  0					  0	  0								________________		
ORG07	C	CHAR	 16	80	02	80	30	00	 14	105		  0	  0	  0		  0					  0	  0								________________		
%#AUTOTEXT003	0	CHAR	  5	00	00	00	30	00	 15	  3		  0	  0	  0		  0					  0	  0								积 老		
BIR01	D	DATS	 10	80	00	80	78	00	 15	  9		  0	  0	  0		  0					  0	  0								__________		
%#AUTOTEXT004	0	CHAR	  5	00	00	00	30	00	 15	 20		  0	  0	  0		  0					  0	  0								积 老		
BIR02	D	DATS	 10	80	00	80	78	00	 15	 26		  0	  0	  0		  0					  0	  0								__________		
%#AUTOTEXT005	0	CHAR	  5	00	00	00	30	00	 15	 37		  0	  0	  0		  0					  0	  0								积 老		
BIR03	D	DATS	 10	80	00	80	78	00	 15	 43		  0	  0	  0		  0					  0	  0								__________		
%#AUTOTEXT006	0	CHAR	  5	00	00	00	30	00	 15	 54		  0	  0	  0		  0					  0	  0								积 老		
BIR04	D	DATS	 10	80	00	80	78	00	 15	 60		  0	  0	  0		  0					  0	  0								__________		
%#AUTOTEXT007	0	CHAR	  5	00	00	00	30	00	 15	 71		  0	  0	  0		  0					  0	  0								积 老		
BIR05	D	DATS	 10	80	00	80	78	00	 15	 77		  0	  0	  0		  0					  0	  0								__________		
%#AUTOTEXT008	0	CHAR	  5	00	00	00	30	00	 15	 88		  0	  0	  0		  0					  0	  0								积 老		
BIR06	D	DATS	 10	80	00	80	78	00	 15	 94		  0	  0	  0		  0					  0	  0								__________		
%#AUTOTEXT009	0	CHAR	  5	00	00	00	30	00	 15	105		  0	  0	  0		  0					  0	  0								积 老		
BIR07	D	DATS	 10	80	00	80	78	00	 15	111		  0	  0	  0		  0					  0	  0								__________		
BOX3		CHAR	120	00	00	00	30	00	 17	  2		  0	  0	  0		 13	R				  0	  0	108							积老磊府胶飘		
PIC08			 16	00	00	00	30	00	 18	  3		  0	  0	  0		  8	U				  1	  1	109									
PIC09			 16	00	00	00	30	00	 18	 20		  0	  0	  0		  8	U				  1	  1	110									
PIC10			 16	00	00	00	30	00	 18	 37		  0	  0	  0		  8	U				  1	  1	111									
PIC11			 16	00	00	00	30	00	 18	 54		  0	  0	  0		  8	U				  1	  1	112									
PIC12			 16	00	00	00	30	00	 18	 71		  0	  0	  0		  8	U				  1	  1	113									
PIC13			 16	00	00	00	30	00	 18	 88		  0	  0	  0		  8	U				  1	  1	114									
PIC14			 16	00	00	00	30	00	 18	105		  0	  0	  0		  8	U				  1	  1	115									
NAM08	C	CHAR	 16	80	02	80	30	00	 26	  3		  0	  0	  0		  0					  0	  0								________________		
NAM09	C	CHAR	 16	80	02	80	30	00	 26	 20		  0	  0	  0		  0					  0	  0								________________		
NAM10	C	CHAR	 16	80	02	80	30	00	 26	 37		  0	  0	  0		  0					  0	  0								________________		
NAM11	C	CHAR	 16	80	02	80	30	00	 26	 54		  0	  0	  0		  0					  0	  0								________________		
NAM12	C	CHAR	 16	80	02	80	30	00	 26	 71		  0	  0	  0		  0					  0	  0								________________		
NAM13	C	CHAR	 16	80	02	80	30	00	 26	 88		  0	  0	  0		  0					  0	  0								________________		
NAM14	C	CHAR	 16	80	02	80	30	00	 26	105		  0	  0	  0		  0					  0	  0								________________		
ORG08	C	CHAR	 16	80	02	80	30	00	 27	  3		  0	  0	  0		  0					  0	  0								________________		
ORG09	C	CHAR	 16	80	02	80	30	00	 27	 20		  0	  0	  0		  0					  0	  0								________________		
ORG10	C	CHAR	 16	80	02	80	30	00	 27	 37		  0	  0	  0		  0					  0	  0								________________		
ORG11	C	CHAR	 16	80	02	80	30	00	 27	 54		  0	  0	  0		  0					  0	  0								________________		
ORG12	C	CHAR	 16	80	02	80	30	00	 27	 71		  0	  0	  0		  0					  0	  0								________________		
ORG13	C	CHAR	 16	80	02	80	30	00	 27	 88		  0	  0	  0		  0					  0	  0								________________		
ORG14	C	CHAR	 16	80	02	80	30	00	 27	105		  0	  0	  0		  0					  0	  0								________________		
%#AUTOTEXT010	0	CHAR	  5	00	00	00	30	00	 28	  3		  0	  0	  0		  0					  0	  0								积 老		
BIR08	D	DATS	 10	80	00	80	78	00	 28	  9		  0	  0	  0		  0					  0	  0								__________		
%#AUTOTEXT011	0	CHAR	  5	00	00	00	30	00	 28	 20		  0	  0	  0		  0					  0	  0								积 老		
BIR09	D	DATS	 10	80	00	80	78	00	 28	 26		  0	  0	  0		  0					  0	  0								__________		
%#AUTOTEXT012	0	CHAR	  5	00	00	00	30	00	 28	 37		  0	  0	  0		  0					  0	  0								积 老		
BIR10	D	DATS	 10	80	00	80	78	00	 28	 43		  0	  0	  0		  0					  0	  0								__________		
%#AUTOTEXT013	0	CHAR	  5	00	00	00	30	00	 28	 54		  0	  0	  0		  0					  0	  0								积 老		
BIR11	D	DATS	 10	80	00	80	78	00	 28	 60		  0	  0	  0		  0					  0	  0								__________		
%#AUTOTEXT014	0	CHAR	  5	00	00	00	30	00	 28	 71		  0	  0	  0		  0					  0	  0								积 老		
BIR12	D	DATS	 10	80	00	80	78	00	 28	 77		  0	  0	  0		  0					  0	  0								__________		
%#AUTOTEXT015	0	CHAR	  5	00	00	00	30	00	 28	 88		  0	  0	  0		  0					  0	  0								积 老		
BIR13	D	DATS	 10	80	00	80	78	00	 28	 94		  0	  0	  0		  0					  0	  0								__________		
%#AUTOTEXT016	0	CHAR	  5	00	00	00	30	00	 28	105		  0	  0	  0		  0					  0	  0								积 老		
BIR14	D	DATS	 10	80	00	80	78	00	 28	111		  0	  0	  0		  0					  0	  0								__________		
OK_CODE		CHAR	 20	80	10	00	00	00	255	  1	O	  0	  0	  0		  0					  0	  0								____________________		
%_FLOWLOGIC																																
																																
PROCESS BEFORE OUTPUT.																																
  MODULE INIT_DATA.																																
  MODULE STATUS_9000.																																
																																
PROCESS AFTER INPUT.																																
  MODULE EXIT AT EXIT-COMMAND.																																
  MODULE USER_COMMAND_9000.																																
