****************************************************************																																
*   THIS FILE WAS GENERATED BY DIRECT DOWNLOAD ENTERPRISE.     *																																
*   PLEASE DO NOT CHANGE IT MANUALLY.                          *																																
****************************************************************																																
%_DYNPRO																																
ZSDR0110																																
0100																																
731																																
                40																																
%_HEADER																																
ZSDR0110                                0100 0100     28120192 37  0  0 28120  0G 3                              20130424172223																																
%_DESCRIPTION																																
0100																																
%_FIELDS																																
%#AUTOTEXT004		CHAR	120	00	00	00	30	00	  1	  2		  0	  0	  0		  3	R				  0	  0	105							고객 정보		
%#AUTOTEXT001	0	CHAR	 14	00	00	00	30	00	  2	  3		  0	  0	  0		  0					  0	  0								고객	                                                                                                                                                                                                                                                        X	
GS_DATA_0100-KUNNR	C	CHAR	 10	80	00	80	30	00	  2	 18		  0	  0	  0		  0					  0	  0				DAB				__________		
GS_DATA_0100-NAME1	C	CHAR	 35	80	00	80	30	00	  2	 29		  0	  0	  0		  0					  0	  0				DAB				___________________________________		
%#AUTOTEXT005	0	CHAR	 16	00	00	00	30	00	  2	 80		  0	  0	  0		  0					  0	  0								대표자	                                                                                                                                                                                                                                                        X	
GS_DATA_0100-J_1KFREPRE	C	CHAR	 10	80	00	80	30	00	  2	 97		  0	  0	  0		  0					  0	  0				DAB				__________		
%#AUTOTEXT006		CHAR	120	00	00	00	30	00	  4	  2		  0	  0	  0		 14	R				  0	  0	106							부동산 정보		
%#AUTOTEXT002	0	CHAR	 14	00	00	00	30	00	  5	  3		  0	  0	  0		  0					  0	  0								부동산구분	                                                                                                                                                                                                                                                        X	
GS_DATA_0100-ATYPE	C	CHAR	  3	80	00	A0	00	00	  5	 18		  0	  0	  0		 20					  0	  0								___	 DL K	
%#AUTOTEXT028	0	CHAR	 16	00	00	00	30	00	  5	 80		  0	  0	  0		  0					  0	  0								단위	                                                                                                                                                                                                                                                        X	
GS_DATA_0100-WAERS	C	CUKY	  6	80	00	80	30	00	  5	 97		  0	  0	  0		  0					  0	  0				DAB				______		
%#AUTOTEXT003	0	CHAR	 14	00	00	00	30	00	  6	  3		  0	  0	  0		  0					  0	  0								소재지	                                                                                                                                                                                                                                                        X	
GS_DATA_0100-ADDRS	C	CHAR	 60	80	00	A0	00	00	  6	 18		  0	  0	  0		  0					  0	  0								____________________________________________________________		
%#AUTOTEXT020	0	CHAR	 16	00	00	00	30	00	  6	 80		  0	  0	  0		  0					  0	  0								연대보증인	                                                                                                                                                                                                                                                        X	
GS_DATA_0100-AGUAR	C	CHAR	 20	80	00	80	00	00	  6	 97		  0	  0	  0		  0					  0	  0								____________________		
%#AUTOTEXT008	0	CHAR	 14	00	00	00	30	00	  7	  3		  0	  0	  0		  0					  0	  0								대지	                                                                                                                                                                                                                                                        X	
GS_DATA_0100-ALAND	C	CHAR	 20	80	00	80	00	00	  7	 18		  0	  0	  0		  0					  0	  0								____________________		
%#AUTOTEXT032	0	CHAR	  3	00	00	00	30	00	  7	 39		  0	  0	  0		  0					  0	  0								㎡		
%#AUTOTEXT017	0	CHAR	 16	00	00	00	30	00	  7	 80		  0	  0	  0		  0					  0	  0								설정일자	                                                                                                                                                                                                                                                        X	
GS_DATA_0100-ASDAT	D	DATS	 10	80	00	A0	00	08	  7	 97		  0	  0	  0		  0					  0	  0			SRM_F4_DATUM					__________		
%#AUTOTEXT010	0	CHAR	 14	00	00	00	30	00	  8	  3		  0	  0	  0		  0					  0	  0								건물	                                                                                                                                                                                                                                                        X	
GS_DATA_0100-ABUILD	C	CHAR	 20	80	00	80	00	00	  8	 18		  0	  0	  0		  0					  0	  0								____________________		
%#AUTOTEXT033	0	CHAR	  3	00	00	00	30	00	  8	 39		  0	  0	  0		  0					  0	  0								㎡		
%#AUTOTEXT018	0	CHAR	 16	00	00	00	30	00	  8	 80		  0	  0	  0		  0					  0	  0								설정금액	                                                                                                                                                                                                                                                        X	
GS_DATA_0100-ASAMT	P	CURR	 20	80	20	A0	00	00	  8	 97		  0	  0	  0		  0					  0	  0		GS_DATA_0100-WAERS						____________________		
%#AUTOTEXT011	0	CHAR	 14	00	00	00	30	00	  9	  3		  0	  0	  0		  0					  0	  0								평가기관	                                                                                                                                                                                                                                                        X	
GS_DATA_0100-ARINS	C	CHAR	 10	80	00	80	00	00	  9	 18		  0	  0	  0		  0					  0	  0								__________		
%#AUTOTEXT019	0	CHAR	 16	00	00	00	30	00	  9	 80		  0	  0	  0		  0					  0	  0								담보한도액	                                                                                                                                                                                                                                                        X	
GS_DATA_0100-ALAMT	P	CURR	 20	80	20	A0	00	00	  9	 97		  0	  0	  0		  0					  0	  0		GS_DATA_0100-WAERS						____________________		
%#AUTOTEXT012	0	CHAR	 14	00	00	00	30	00	 10	  3		  0	  0	  0		  0					  0	  0								평가일자	                                                                                                                                                                                                                                                        X	
GS_DATA_0100-ARDAT	D	DATS	 10	80	00	80	00	08	 10	 18		  0	  0	  0		  0					  0	  0			SRM_F4_DATUM					__________		
%#AUTOTEXT007	0	CHAR	 16	00	00	00	30	00	 10	 80		  0	  0	  0		  0					  0	  0								소유자	                                                                                                                                                                                                                                                        X	
GS_DATA_0100-AOWNER	C	CHAR	 20	80	00	80	00	00	 10	 97		  0	  0	  0		  0					  0	  0								____________________		
%#AUTOTEXT013	0	CHAR	 14	00	00	00	30	00	 11	  3		  0	  0	  0		  0					  0	  0								평가금액	                                                                                                                                                                                                                                                        X	
GS_DATA_0100-ARAMT	P	CURR	 20	80	20	A0	00	00	 11	 18		  0	  0	  0		  0					  0	  0		GS_DATA_0100-WAERS						____________________		
%#AUTOTEXT016	0	CHAR	 16	00	00	00	30	00	 11	 80		  0	  0	  0		  0					  0	  0								대표자와의 관계	                                                                                                                                                                                                                                                        X	
GS_DATA_0100-ARELATION	C	CHAR	 10	80	00	A0	00	00	 11	 97		  0	  0	  0		  0					  0	  0								__________		
%#AUTOTEXT014	0	CHAR	 14	00	00	00	30	00	 12	  3		  0	  0	  0		  0					  0	  0								선순위총금액	                                                                                                                                                                                                                                                        X	
GS_DATA_0100-ATAMT	P	CURR	 20	80	20	80	00	00	 12	 18		  0	  0	  0		  0					  0	  0		GS_DATA_0100-WAERS						____________________		
%#AUTOTEXT015	0	CHAR	 16	00	00	00	30	00	 12	 80		  0	  0	  0		  0					  0	  0								소유자 전화번호	                                                                                                                                                                                                                                                        X	
GS_DATA_0100-AOTEL	C	CHAR	 15	80	00	80	00	00	 12	 97		  0	  0	  0		  0					  0	  0								_______________		
%#AUTOTEXT009	0	CHAR	 14	00	00	00	30	00	 13	  3		  0	  0	  0		  0					  0	  0								소유자 주소	                                                                                                                                                                                                                                                        X	
GS_DATA_0100-AOADDRS	C	CHAR	 60	80	00	80	00	00	 13	 18		  0	  0	  0		  0					  0	  0								____________________________________________________________		
%#AUTOTEXT021	0	CHAR	 14	00	00	00	30	00	 14	  3		  0	  0	  0		  0					  0	  0								비고1	                                                                                                                                                                                                                                                        X	
GS_DATA_0100-REMARK1	C	CHAR	100	80	00	80	00	00	 14	 18		  0	  0	  0		  0					  0	  0								____________________________________________________________________________________________________		
%#AUTOTEXT022	0	CHAR	 14	00	00	00	30	00	 15	  3		  0	  0	  0		  0					  0	  0								비고2	                                                                                                                                                                                                                                                        X	
GS_DATA_0100-REMARK2	C	CHAR	100	80	00	80	00	00	 15	 18		  0	  0	  0		  0					  0	  0								____________________________________________________________________________________________________		
%#AUTOTEXT024	0	CHAR	 14	00	00	00	30	00	 16	  3		  0	  0	  0		  0					  0	  0								해지일자	                                                                                                                                                                                                                                                        X	
GS_DATA_0100-ACDAT	D	DATS	 10	80	00	80	00	08	 16	 18		  0	  0	  0		  0					  0	  0			SRM_F4_DATUM					__________		
%#AUTOTEXT023	0	CHAR	 16	00	00	00	30	00	 16	 80		  0	  0	  0		  0					  0	  0								만기일자	                                                                                                                                                                                                                                                        X	
GS_DATA_0100-EXPRDT	D	DATS	 10	80	00	80	00	08	 16	 97		  0	  0	  0		  0					  0	  0			SRM_F4_DATUM					__________		
%#AUTOTEXT025		CHAR	120	00	00	00	30	00	 18	  2		  0	  0	  0		  8	R				  0	  0	101							선순위 정보		
%#AUTOTEXT026	0	CHAR	 23	00	00	00	30	00	 19	  3		  0	  0	  0		  0					  0	  0								선순위 설정자	                                                                                                                                                                                                                                                        X	
%#AUTOTEXT027	0	CHAR	 20	00	00	00	30	00	 19	 27		  0	  0	  0		  0					  0	  0								금액	                                                                                                                                                                                                                                                        X	
	0	CHAR	  2	00	00	00	30	00	 20	  3		  0	  0	  0		  0					  0	  0								1	                                                                                                                                                                                                                                                        X	
GS_DATA_0100-ARANK1	C	CHAR	 20	80	00	80	00	00	 20	  6		  0	  0	  0		  0					  0	  0								____________________		
GS_DATA_0100-ARAMT1	P	CURR	 20	80	20	80	00	00	 20	 27		  0	  0	  0		  0					  0	  0		GS_DATA_0100-WAERS						____________________		
	0	CHAR	  2	00	00	00	30	00	 21	  3		  0	  0	  0		  0					  0	  0								2	                                                                                                                                                                                                                                                        X	
GS_DATA_0100-ARANK2	C	CHAR	 20	80	00	80	00	00	 21	  6		  0	  0	  0		  0					  0	  0								____________________		
GS_DATA_0100-ARAMT2	P	CURR	 20	80	20	80	00	00	 21	 27		  0	  0	  0		  0					  0	  0		GS_DATA_0100-WAERS						____________________		
	0	CHAR	  2	00	00	00	30	00	 22	  3		  0	  0	  0		  0					  0	  0								3	                                                                                                                                                                                                                                                        X	
GS_DATA_0100-ARANK3	C	CHAR	 20	80	00	80	00	00	 22	  6		  0	  0	  0		  0					  0	  0								____________________		
GS_DATA_0100-ARAMT3	P	CURR	 20	80	20	80	00	00	 22	 27		  0	  0	  0		  0					  0	  0		GS_DATA_0100-WAERS						____________________		
	0	CHAR	  2	00	00	00	30	00	 23	  3		  0	  0	  0		  0					  0	  0								4	                                                                                                                                                                                                                                                        X	
GS_DATA_0100-ARANK4	C	CHAR	 20	80	00	80	00	00	 23	  6		  0	  0	  0		  0					  0	  0								____________________		
GS_DATA_0100-ARAMT4	P	CURR	 20	80	20	80	00	00	 23	 27		  0	  0	  0		  0					  0	  0		GS_DATA_0100-WAERS						____________________		
	0	CHAR	  2	00	00	00	30	00	 24	  3		  0	  0	  0		  0					  0	  0								5	                                                                                                                                                                                                                                                        X	
GS_DATA_0100-ARANK5	C	CHAR	 20	80	00	80	00	00	 24	  6		  0	  0	  0		  0					  0	  0								____________________		
GS_DATA_0100-ARAMT5	P	CURR	 20	80	20	80	00	00	 24	 27		  0	  0	  0		  0					  0	  0		GS_DATA_0100-WAERS						____________________		
%#AUTOTEXT029		CHAR	120	00	00	00	30	00	 26	  2		  0	  0	  0		  3	R				  0	  0	102							첨부파일		
%#AUTOTEXT030	0	CHAR	 14	00	00	00	30	00	 27	  3		  0	  0	  0		  0					  0	  0								파일	                                                                                                                                                                                                                                                        X	
GS_DATA_0100-FPATH	C	CHAR	255	81	00	80	00	08	 27	 18		  0	  0	  0		 92					  0	  0								____________________________________________________________________________________________________________________________________		
%#AUTOTEXT031		CHAR	 25	00	00	00	30	00	 27	113		  0	  0	  0		  7	P				  0	  0	103			BTN				@15@ 열기	                                                                                                                                                                       EEXEC	
GV_OK_CODE		CHAR	 20	80	10	00	00	00	255	  1	O	  0	  0	  0		  0					  0	  0								____________________		
%_FLOWLOGIC																																
																																
PROCESS BEFORE OUTPUT.																																
  MODULE status_0100.																																
  MODULE screen_0100.																																
																																
PROCESS AFTER INPUT.																																
  MODULE exit_0100  AT EXIT-COMMAND.																																
  MODULE user_command_0100.																																
																																
PROCESS ON VALUE-REQUEST.																																
  FIELD gs_data_0100-fpath MODULE f4_fpath_0100.																																
