****************************************************************																																
*   THIS FILE WAS GENERATED BY DIRECT DOWNLOAD ENTERPRISE.     *																																
*   PLEASE DO NOT CHANGE IT MANUALLY.                          *																																
****************************************************************																																
%_DYNPRO																																
Y_PA006																																
0100																																
731																																
                40																																
%_HEADER																																
Y_PA006                                 0100I0100     28107192 37  0  0 29108  0G 3                              20140818153934																																
%_DESCRIPTION																																
세부 Screen																																
%_FIELDS																																
BOX1		CHAR	107	00	00	00	30	00	  1	  2		  0	  0	  0		  3	R				  0	  0	101							▶▶ 조직별 임직원 현황 ◀◀		
PU01		CHAR	 17	00	00	00	30	00	  2	  4		  0	  0	  0		  9	P				  0	  0	102							@BS@ 조 직		
G_ORGTX	C	CHAR	 40	81	02	80	38	00	  2	 15		  0	  0	  0		 25					  0	  0								________________________________________		
PU02		CHAR	 72	00	00	00	30	00	  2	 61		  0	  0	  0		 30	P				  0	  0	103							@ID@ 조회된 인원수 / 총 인원수		
G_IDX	I	INT4	  5	80	22	80	78	00	  2	 93		  0	  0	  0		  0					  0	  0								_____		
	0	CHAR	  1	00	00	00	30	00	  2	 99		  0	  0	  0		  0					  0	  0								/	                                                                                                                                                                                                                                                        X	
G_TOT	I	INT4	  5	80	22	80	78	00	  2	101		  0	  0	  0		  0					  0	  0								_____		
		CHAR	107	00	00	00	30	00	  4	  2		  0	  0	  0		 12	R				  0	  0	104									
PIC01			 14	00	00	00	30	00	  5	  3		  0	  0	  0		  6	U				  4	  8	105									
PIC02			 14	00	00	00	30	00	  5	 18		  0	  0	  0		  6	U				  1	  1	106									
PIC03			 14	00	00	00	30	00	  5	 33		  0	  0	  0		  6	U				  1	  1	107									
PIC04			 14	00	00	00	30	00	  5	 48		  0	  0	  0		  6	U				  1	  1	108									
PIC05			 14	00	00	00	30	00	  5	 63		  0	  0	  0		  6	U				  1	  1	109									
PIC06			 14	00	00	00	30	00	  5	 78		  0	  0	  0		  6	U				  1	  1	110									
PIC07			 14	00	00	00	30	00	  5	 93		  0	  0	  0		  6	U				  1	  1	111									
PER01	C	CHAR	 14	80	02	80	38	00	 11	  3		  0	  0	  0		  0					  0	  0								______________		
PER02	C	CHAR	 14	80	02	80	38	00	 11	 18		  0	  0	  0		  0					  0	  0								______________		
PER03	C	CHAR	 14	80	02	80	38	00	 11	 33		  0	  0	  0		  0					  0	  0								______________		
PER04	C	CHAR	 14	80	02	80	38	00	 11	 48		  0	  0	  0		  0					  0	  0								______________		
PER05	C	CHAR	 14	80	02	80	38	00	 11	 63		  0	  0	  0		  0					  0	  0								______________		
PER06	C	CHAR	 14	80	02	80	38	00	 11	 78		  0	  0	  0		  0					  0	  0								______________		
PER07	C	CHAR	 14	80	02	80	38	00	 11	 93		  0	  0	  0		  0					  0	  0								______________		
BIR01	C	CHAR	 14	80	02	80	30	00	 12	  3		  0	  0	  0		  0					  0	  0								______________		
BIR02	C	CHAR	 14	80	02	80	30	00	 12	 18		  0	  0	  0		  0					  0	  0								______________		
BIR03	C	CHAR	 14	80	02	80	30	00	 12	 33		  0	  0	  0		  0					  0	  0								______________		
BIR04	C	CHAR	 14	80	02	80	30	00	 12	 48		  0	  0	  0		  0					  0	  0								______________		
BIR05	C	CHAR	 14	80	02	80	30	00	 12	 63		  0	  0	  0		  0					  0	  0								______________		
BIR06	C	CHAR	 14	80	02	80	30	00	 12	 78		  0	  0	  0		  0					  0	  0								______________		
BIR07	C	CHAR	 14	80	02	80	30	00	 12	 93		  0	  0	  0		  0					  0	  0								______________		
ZIK01	C	CHAR	 25	81	02	80	30	00	 13	  3		  0	  0	  0		 14					  0	  0								_________________________		
ZIK02	C	CHAR	 25	81	02	80	30	00	 13	 18		  0	  0	  0		 14					  0	  0								_________________________		
ZIK03	C	CHAR	 25	81	02	80	30	00	 13	 33		  0	  0	  0		 14					  0	  0								_________________________		
ZIK04	C	CHAR	 25	81	02	80	30	00	 13	 48		  0	  0	  0		 14					  0	  0								_________________________		
ZIK05	C	CHAR	 25	81	02	80	30	00	 13	 63		  0	  0	  0		 14					  0	  0								_________________________		
ZIK06	C	CHAR	 25	81	02	80	30	00	 13	 78		  0	  0	  0		 14					  0	  0								_________________________		
ZIK07	C	CHAR	 25	81	02	80	30	00	 13	 93		  0	  0	  0		 14					  0	  0								_________________________		
ENT01	C	CHAR	 25	81	02	80	30	00	 14	  3		  0	  0	  0		 14					  0	  0								_________________________		
ENT02	C	CHAR	 25	81	02	80	30	00	 14	 18		  0	  0	  0		 14					  0	  0								_________________________		
ENT03	C	CHAR	 25	81	02	80	30	00	 14	 33		  0	  0	  0		 14					  0	  0								_________________________		
ENT04	C	CHAR	 25	81	02	80	30	00	 14	 48		  0	  0	  0		 14					  0	  0								_________________________		
ENT05	C	CHAR	 25	81	02	80	30	00	 14	 63		  0	  0	  0		 14					  0	  0								_________________________		
ENT06	C	CHAR	 25	81	02	80	30	00	 14	 78		  0	  0	  0		 14					  0	  0								_________________________		
ENT07	C	CHAR	 25	81	02	80	30	00	 14	 93		  0	  0	  0		 14					  0	  0								_________________________		
		CHAR	107	00	00	00	30	00	 17	  2		  0	  0	  0		 12	R				  0	  0	112									
PIC08			 14	00	00	00	30	00	 18	  3		  0	  0	  0		  6	U				  1	  1	113									
PIC09			 14	00	00	00	30	00	 18	 18		  0	  0	  0		  6	U				  1	  1	114									
PIC10			 14	00	00	00	30	00	 18	 33		  0	  0	  0		  6	U				  1	  1	115									
PIC11			 14	00	00	00	30	00	 18	 48		  0	  0	  0		  6	U				  1	  1	116									
PIC12			 14	00	00	00	30	00	 18	 63		  0	  0	  0		  6	U				  1	  1	117									
PIC13			 14	00	00	00	30	00	 18	 78		  0	  0	  0		  6	U				  1	  1	118									
PIC14			 14	00	00	00	30	00	 18	 93		  0	  0	  0		  6	U				  1	  1	119									
PER08	C	CHAR	 14	80	02	80	38	00	 24	  3		  0	  0	  0		  0					  0	  0								______________		
PER09	C	CHAR	 14	80	02	80	38	00	 24	 18		  0	  0	  0		  0					  0	  0								______________		
PER10	C	CHAR	 14	80	02	80	38	00	 24	 33		  0	  0	  0		  0					  0	  0								______________		
PER11	C	CHAR	 14	80	02	80	38	00	 24	 48		  0	  0	  0		  0					  0	  0								______________		
PER12	C	CHAR	 14	80	02	80	38	00	 24	 63		  0	  0	  0		  0					  0	  0								______________		
PER13	C	CHAR	 14	80	02	80	38	00	 24	 78		  0	  0	  0		  0					  0	  0								______________		
PER14	C	CHAR	 14	80	02	80	38	00	 24	 93		  0	  0	  0		  0					  0	  0								______________		
BIR08	C	CHAR	 14	80	02	80	30	00	 25	  3		  0	  0	  0		  0					  0	  0								______________		
BIR09	C	CHAR	 14	80	02	80	30	00	 25	 18		  0	  0	  0		  0					  0	  0								______________		
BIR10	C	CHAR	 14	80	02	80	30	00	 25	 33		  0	  0	  0		  0					  0	  0								______________		
BIR11	C	CHAR	 14	80	02	80	30	00	 25	 48		  0	  0	  0		  0					  0	  0								______________		
BIR12	C	CHAR	 14	80	02	80	30	00	 25	 63		  0	  0	  0		  0					  0	  0								______________		
BIR13	C	CHAR	 14	80	02	80	30	00	 25	 78		  0	  0	  0		  0					  0	  0								______________		
BIR14	C	CHAR	 14	80	02	80	30	00	 25	 93		  0	  0	  0		  0					  0	  0								______________		
ZIK08	C	CHAR	 25	81	02	80	30	00	 26	  3		  0	  0	  0		 14					  0	  0								_________________________		
ZIK09	C	CHAR	 25	81	02	80	30	00	 26	 18		  0	  0	  0		 14					  0	  0								_________________________		
ZIK10	C	CHAR	 25	81	02	80	30	00	 26	 33		  0	  0	  0		 14					  0	  0								_________________________		
ZIK11	C	CHAR	 25	81	02	80	30	00	 26	 48		  0	  0	  0		 14					  0	  0								_________________________		
ZIK12	C	CHAR	 25	81	02	80	30	00	 26	 63		  0	  0	  0		 14					  0	  0								_________________________		
ZIK13	C	CHAR	 25	81	02	80	30	00	 26	 78		  0	  0	  0		 14					  0	  0								_________________________		
ZIK14	C	CHAR	 25	81	02	80	30	00	 26	 93		  0	  0	  0		 14					  0	  0								_________________________		
ENT08	C	CHAR	 25	81	02	80	30	00	 27	  3		  0	  0	  0		 14					  0	  0								_________________________		
ENT09	C	CHAR	 25	81	02	80	30	00	 27	 18		  0	  0	  0		 14					  0	  0								_________________________		
ENT10	C	CHAR	 25	81	02	80	30	00	 27	 33		  0	  0	  0		 14					  0	  0								_________________________		
ENT11	C	CHAR	 25	81	02	80	30	00	 27	 48		  0	  0	  0		 14					  0	  0								_________________________		
ENT12	C	CHAR	 25	81	02	80	30	00	 27	 63		  0	  0	  0		 14					  0	  0								_________________________		
ENT13	C	CHAR	 25	81	02	80	30	00	 27	 78		  0	  0	  0		 14					  0	  0								_________________________		
ENT14	C	CHAR	 25	81	02	80	30	00	 27	 93		  0	  0	  0		 14					  0	  0								_________________________		
		CHAR	 20	80	10	00	00	00	255	  1	O	  0	  0	  0		  0					  0	  0								____________________		
%_FLOWLOGIC																																
PROCESS BEFORE OUTPUT.																																
  MODULE INIT_DATA_0100.																																
																																
PROCESS AFTER INPUT.																																
