****************************************************************																																
*   THIS FILE WAS GENERATED BY DIRECT DOWNLOAD ENTERPRISE.     *																																
*   PLEASE DO NOT CHANGE IT MANUALLY.                          *																																
****************************************************************																																
%_DYNPRO																																
ZSDR0100																																
0200																																
731																																
                40																																
%_HEADER																																
ZSDR0100                                0200 0200     27120192 37  0  0 27120  0G 3                              20130207174431																																
%_DESCRIPTION																																
0200																																
%_FIELDS																																
%#AUTOTEXT004		CHAR	120	00	00	00	30	00	  1	  2		  0	  0	  0		  3	R				  0	  0	104							고객 정보		
%#AUTOTEXT001	0	CHAR	 20	00	00	00	30	00	  2	  3		  0	  0	  0		  0					  0	  0								고객	                                                                                                                                                                                                                                                        X	
GS_DATA_0200-KUNNR	C	CHAR	 10	80	00	80	30	00	  2	 24		  0	  0	  0		  0					  0	  0								__________		
GS_DATA_0200-NAME1	C	CHAR	 35	80	00	80	30	00	  2	 35		  0	  0	  0		  0					  0	  0								___________________________________		
%#AUTOTEXT005	0	CHAR	 16	00	00	00	30	00	  2	 87		  0	  0	  0		  0					  0	  0								대표자	                                                                                                                                                                                                                                                        X	
GS_DATA_0200-J_1KFREPRE	C	CHAR	 10	80	00	80	30	00	  2	104		  0	  0	  0		  0					  0	  0								__________		
%#AUTOTEXT006		CHAR	120	00	00	00	30	00	  4	  2		  0	  0	  0		 14	R				  0	  0	105							질권 정보		
%#AUTOTEXT008	0	CHAR	 20	00	00	00	30	00	  5	  3		  0	  0	  0		  0					  0	  0								설정자	                                                                                                                                                                                                                                                        X	
GS_DATA_0200-BGUAR	C	CHAR	 20	80	00	A0	00	00	  5	 24		  0	  0	  0		  0					  0	  0								____________________		
%#AUTOTEXT028	0	CHAR	 16	00	00	00	30	00	  5	 87		  0	  0	  0		  0					  0	  0								단위	                                                                                                                                                                                                                                                        X	
GS_DATA_0200-WAERS	C	CUKY	  6	80	00	80	30	00	  5	104		  0	  0	  0		  0					  0	  0								______		
%#AUTOTEXT009	0	CHAR	 20	00	00	00	30	00	  6	  3		  0	  0	  0		  0					  0	  0								주민번호/사업자번호	                                                                                                                                                                                                                                                        X	
GS_DATA_0200-BJUMIN	C	CHAR	 15	80	00	80	00	00	  6	 24		  0	  0	  0		  0					  0	  0								_______________		
%#AUTOTEXT010	0	CHAR	 20	00	00	00	30	00	  7	  3		  0	  0	  0		  0					  0	  0								주소	                                                                                                                                                                                                                                                        X	
GS_DATA_0200-BADDRS	C	CHAR	 60	80	00	80	00	00	  7	 24		  0	  0	  0		  0					  0	  0								____________________________________________________________		
%#AUTOTEXT011	0	CHAR	 20	00	00	00	30	00	  8	  3		  0	  0	  0		  0					  0	  0								보관지점	                                                                                                                                                                                                                                                        X	
GS_DATA_0200-BPLACE	C	CHAR	 40	80	00	80	00	00	  8	 24		  0	  0	  0		  0					  0	  0								________________________________________		
%#AUTOTEXT012	0	CHAR	 20	00	00	00	30	00	  9	  3		  0	  0	  0		  0					  0	  0								질권종류	                                                                                                                                                                                                                                                        X	
GS_DATA_0200-BTYPE	C	CHAR	200	81	00	A0	00	00	  9	 24		  0	  0	  0		 97					  0	  0								____________________________________________________________________________________________________________________________________		
%#AUTOTEXT013	0	CHAR	 20	00	00	00	30	00	 10	  3		  0	  0	  0		  0					  0	  0								질권번호	                                                                                                                                                                                                                                                        X	
GS_DATA_0200-BNUMB	C	CHAR	 20	80	00	80	00	00	 10	 24		  0	  0	  0		  0					  0	  0								____________________		
%#AUTOTEXT014	0	CHAR	 20	00	00	00	30	00	 11	  3		  0	  0	  0		  0					  0	  0								설정일자	                                                                                                                                                                                                                                                        X	
GS_DATA_0200-BSDAT	D	DATS	 10	80	00	A0	00	08	 11	 24		  0	  0	  0		  0					  0	  0			SRM_F4_DATUM					__________		
%#AUTOTEXT015	0	CHAR	 20	00	00	00	30	00	 12	  3		  0	  0	  0		  0					  0	  0								만기일자	                                                                                                                                                                                                                                                        X	
GS_DATA_0200-EXPRDT	D	DATS	 10	80	00	A0	00	08	 12	 24		  0	  0	  0		  0					  0	  0			SRM_F4_DATUM					__________		
%#AUTOTEXT016	0	CHAR	 20	00	00	00	30	00	 13	  3		  0	  0	  0		  0					  0	  0								설정금액	                                                                                                                                                                                                                                                        X	
GS_DATA_0200-BSAMT	P	CURR	 20	80	20	A0	00	00	 13	 24		  0	  0	  0		  0					  0	  0		GS_DATA_0200-WAERS						____________________		
%#AUTOTEXT017	0	CHAR	 20	00	00	00	30	00	 14	  3		  0	  0	  0		  0					  0	  0								어음공증	                                                                                                                                                                                                                                                        X	
GS_DATA_0200-BGTYPE	C	CHAR	  1	80	00	80	00	00	 14	 24		  0	  0	  0		  0	C				  0	  0	103									
%#AUTOTEXT021	0	CHAR	 20	00	00	00	30	00	 15	  3		  0	  0	  0		  0					  0	  0								비고1	                                                                                                                                                                                                                                                        X	
GS_DATA_0200-REMARK1	C	CHAR	100	81	00	80	00	00	 15	 24		  0	  0	  0		 97					  0	  0								____________________________________________________________________________________________________		
%#AUTOTEXT022	0	CHAR	 20	00	00	00	30	00	 16	  3		  0	  0	  0		  0					  0	  0								비고2	                                                                                                                                                                                                                                                        X	
GS_DATA_0200-REMARK2	C	CHAR	100	81	00	80	00	00	 16	 24		  0	  0	  0		 97					  0	  0								____________________________________________________________________________________________________		
%#AUTOTEXT029		CHAR	120	00	00	00	30	00	 18	  2		  0	  0	  0		  3	R				  0	  0	106							첨부파일		
%#AUTOTEXT030	0	CHAR	 14	00	00	00	30	00	 19	  3		  0	  0	  0		  0					  0	  0								파일	                                                                                                                                                                                                                                                        X	
GS_DATA_0200-FPATH	C	CHAR	255	81	00	80	00	08	 19	 18		  0	  0	  0		 92					  0	  0								____________________________________________________________________________________________________________________________________		
%#AUTOTEXT031		CHAR	 23	00	00	00	30	00	 19	113		  0	  0	  0		  7	P				  0	  0	101							@15@ 열기	                                                                                                                                                                       EEXEC	
GV_OK_CODE		CHAR	 20	80	10	00	00	00	255	  1	O	  0	  0	  0		  0					  0	  0								____________________		
%_FLOWLOGIC																																
																																
PROCESS BEFORE OUTPUT.																																
  MODULE status_0200.																																
																																
PROCESS AFTER INPUT.																																
  MODULE exit_0200  AT EXIT-COMMAND.																																
  MODULE user_command_0200.																																
																																
PROCESS ON VALUE-REQUEST.																																
  FIELD gs_data_0200-fpath MODULE f4_fpath_0200.																																
