****************************************************************																																
*   THIS FILE WAS GENERATED BY DIRECT DOWNLOAD ENTERPRISE.     *																																
*   PLEASE DO NOT CHANGE IT MANUALLY.                          *																																
****************************************************************																																
%_DYNPRO																																
ZSDR0100																																
0400																																
731																																
                40																																
%_HEADER																																
ZSDR0100                                0400 0400     27120192 37  0  0 27120  0G 3                              20130207174431																																
%_DESCRIPTION																																
0400																																
%_FIELDS																																
%#AUTOTEXT004		CHAR	120	00	00	00	30	00	  1	  2		  0	  0	  0		  3	R				  0	  0	104							고객 정보		
%#AUTOTEXT001	0	CHAR	 14	00	00	00	30	00	  2	  3		  0	  0	  0		  0					  0	  0								고객	                                                                                                                                                                                                                                                        X	
GS_DATA_0400-KUNNR	C	CHAR	 10	80	00	80	30	00	  2	 18		  0	  0	  0		  0					  0	  0								__________		
GS_DATA_0400-NAME1	C	CHAR	 35	80	00	80	30	00	  2	 29		  0	  0	  0		  0					  0	  0								___________________________________		
%#AUTOTEXT005	0	CHAR	 16	00	00	00	30	00	  2	 80		  0	  0	  0		  0					  0	  0								대표자	                                                                                                                                                                                                                                                        X	
GS_DATA_0400-J_1KFREPRE	C	CHAR	 10	80	00	80	30	00	  2	 97		  0	  0	  0		  0					  0	  0								__________		
%#AUTOTEXT029		CHAR	120	00	00	00	30	00	  4	  2		  0	  0	  0		 15	R				  0	  0	105							수출보험한도		
%#AUTOTEXT030	0	CHAR	 14	00	00	00	30	00	  5	  3		  0	  0	  0		  0					  0	  0								수입자 등급	                                                                                                                                                                                                                                                        X	
GS_DATA_0400-DGRADE	C	CHAR	  1	80	00	A0	00	00	  5	 18		  0	  0	  0		 20					  0	  0									 DL	
%#AUTOTEXT028	0	CHAR	 16	00	00	00	30	00	  5	 80		  0	  0	  0		  0					  0	  0								단위	                                                                                                                                                                                                                                                        X	
GS_DATA_0400-WAERS	C	CUKY	  6	80	00	A0	00	08	  5	 97		  0	  0	  0		  0					  0	  0			FTR_TCURC					______		
%#AUTOTEXT031	0	CHAR	 14	00	00	00	30	00	  6	  3		  0	  0	  0		  0					  0	  0								등급평가일	                                                                                                                                                                                                                                                        X	
GS_DATA_0400-DSDAT	D	DATS	 10	80	00	80	00	08	  6	 18		  0	  0	  0		  0					  0	  0			SRM_F4_DATUM					__________		
%#AUTOTEXT032	0	CHAR	 14	00	00	00	30	00	  7	  3		  0	  0	  0		  0					  0	  0								보상한도	                                                                                                                                                                                                                                                        X	
GS_DATA_0400-DLAMT	P	CURR	 20	80	20	A0	00	00	  7	 18		  0	  0	  0		  0					  0	  0		GS_DATA_0400-WAERS						____________________		
%#AUTOTEXT033	0	CHAR	 14	00	00	00	30	00	  8	  3		  0	  0	  0		  0					  0	  0								한도 책정일	                                                                                                                                                                                                                                                        X	
GS_DATA_0400-DLDAT	D	DATS	 10	80	00	80	00	08	  8	 18		  0	  0	  0		  0					  0	  0			SRM_F4_DATUM					__________		
%#AUTOTEXT034	0	CHAR	 14	00	00	00	30	00	  9	  3		  0	  0	  0		  0					  0	  0								만기일자	                                                                                                                                                                                                                                                        X	
GS_DATA_0400-EXPRDT	D	DATS	 10	80	00	A0	00	08	  9	 18		  0	  0	  0		  0					  0	  0			SRM_F4_DATUM					__________		
%#AUTOTEXT035	0	CHAR	 14	00	00	00	30	00	 10	  3		  0	  0	  0		  0					  0	  0								보상한도 번호	                                                                                                                                                                                                                                                        X	
GS_DATA_0400-DNUMB	C	CHAR	 12	80	00	80	00	00	 10	 18		  0	  0	  0		  0					  0	  0								____________		
%#AUTOTEXT036	0	CHAR	 14	00	00	00	30	00	 11	  3		  0	  0	  0		  0					  0	  0								보상한도 회차	                                                                                                                                                                                                                                                        X	
GS_DATA_0400-DRDNR	C	CHAR	  4	80	00	80	00	00	 11	 18		  0	  0	  0		  0					  0	  0								____		
%#AUTOTEXT037	0	CHAR	 14	00	00	00	30	00	 12	  3		  0	  0	  0		  0					  0	  0								지급보증 국가	                                                                                                                                                                                                                                                        X	
GS_DATA_0400-DNATN	C	CHAR	 40	80	00	80	00	00	 12	 18		  0	  0	  0		  0					  0	  0								________________________________________		
%#AUTOTEXT038	0	CHAR	 14	00	00	00	30	00	 13	  3		  0	  0	  0		  0					  0	  0								지급보증인	                                                                                                                                                                                                                                                        X	
GS_DATA_0400-DGUAR	C	CHAR	 20	80	00	80	00	00	 13	 18		  0	  0	  0		  0					  0	  0								____________________		
%#AUTOTEXT039	0	CHAR	 14	00	00	00	30	00	 14	  3		  0	  0	  0		  0					  0	  0								현지법인	                                                                                                                                                                                                                                                        X	
GS_DATA_0400-DCOMP	C	CHAR	 40	80	00	80	00	00	 14	 18		  0	  0	  0		  0					  0	  0								________________________________________		
%#AUTOTEXT040	0	CHAR	 14	00	00	00	30	00	 15	  3		  0	  0	  0		  0					  0	  0								사고이력	                                                                                                                                                                                                                                                        X	
GS_DATA_0400-DHISTORY	C	CHAR	100	80	00	80	00	00	 15	 18		  0	  0	  0		  0					  0	  0								____________________________________________________________________________________________________		
%#AUTOTEXT041	0	CHAR	 14	00	00	00	30	00	 16	  3		  0	  0	  0		  0					  0	  0								비고1	                                                                                                                                                                                                                                                        X	
GS_DATA_0400-REMARK1	C	CHAR	100	80	00	80	00	00	 16	 18		  0	  0	  0		  0					  0	  0								____________________________________________________________________________________________________		
%#AUTOTEXT042	0	CHAR	 14	00	00	00	30	00	 17	  3		  0	  0	  0		  0					  0	  0								비고2	                                                                                                                                                                                                                                                        X	
GS_DATA_0400-REMARK2	C	CHAR	100	80	00	80	00	00	 17	 18		  0	  0	  0		  0					  0	  0								____________________________________________________________________________________________________		
%#AUTOTEXT043		CHAR	120	00	00	00	30	00	 19	  2		  0	  0	  0		  3	R				  0	  0	101							첨부파일		
%#AUTOTEXT044	0	CHAR	 14	00	00	00	30	00	 20	  3		  0	  0	  0		  0					  0	  0								파일	                                                                                                                                                                                                                                                        X	
GS_DATA_0400-FPATH	C	CHAR	255	81	00	80	00	08	 20	 18		  0	  0	  0		 92					  0	  0								____________________________________________________________________________________________________________________________________		
%#AUTOTEXT045		CHAR	 27	00	00	00	30	00	 20	113		  0	  0	  0		  7	P				  0	  0	102							@15@ 열기	                                                                                                                                                                       EEXEC	
GV_OK_CODE		CHAR	 20	80	10	00	00	00	255	  1	O	  0	  0	  0		  0					  0	  0								____________________		
%_FLOWLOGIC																																
																																
PROCESS BEFORE OUTPUT.																																
  MODULE status_0400.																																
																																
PROCESS AFTER INPUT.																																
  MODULE exit_0400  AT EXIT-COMMAND.																																
  MODULE user_command_0400.																																
																																
PROCESS ON VALUE-REQUEST.																																
  FIELD gs_data_0400-fpath MODULE f4_fpath_0400.																																
