****************************************************************																																
*   THIS FILE WAS GENERATED BY DIRECT DOWNLOAD ENTERPRISE.     *																																
*   PLEASE DO NOT CHANGE IT MANUALLY.                          *																																
****************************************************************																																
%_DYNPRO																																
ZQMR0004																																
0200																																
731																																
                40																																
%_HEADER																																
ZQMR0004                                0200 0200     31171192 37  0  0 31171  0G 3                              20130410110400																																
%_DESCRIPTION																																
자재 검사 기록																																
%_FIELDS																																
GROUP		CHAR	171	00	00	00	30	00	  1	  2		  0	  0	  0		 31	R				  0	  0	153									
T_MATNR		CHAR	 13	00	00	00	30	00	  2	  3		  0	  0	  0		  0	P				  0	  0	154							자재코드	                                                                                                                                                                        FUNC1	
S_QALS-MATNR	C	CHAR	 18	80	00	84	30	08	  2	 17		  0	  0	  0		  0			MAT	MATN1	 36	  0			MAT1					__________________	X	
T_KTEXTMAT		CHAR	 31	00	00	00	30	00	  2	 53		  0	  0	  0		  0	P				  0	  0	155							자재명	                                                                                                                                                                        FUNC2	
S_QALS-KTEXTMAT	C	CHAR	 40	80	02	80	30	00	  2	 85		  0	  0	  0		  0					 80	  0								________________________________________		
T_PRUEFLOS		CHAR	 13	00	00	00	30	00	  3	  3		  0	  0	  0		  0	P				  0	  0	156							검사로트번호	                                                                                                                                                                        FUNC3	
S_QALS-PRUEFLOS	N	NUMC	 12	80	00	80	30	08	  3	 17		  0	  0	  0		  0			QLS		 24	  0			QALS					____________	X	
T_EBELN		CHAR	 31	00	00	00	30	00	  3	 53		  0	  0	  0		  0	P				  0	  0	101							구매오더번호	                                                                                                                                                                        FUNC4	
S_QALS-EBELN	C	CHAR	 10	80	00	84	30	08	  3	 85		  0	  0	  0		  0			BES	ALPHA	 20	  0			MEKK					__________	X	
T_NAME1		CHAR	 13	00	00	00	30	00	  4	  3		  0	  0	  0		  0	P				  0	  0	102							공급업체명	                                                                                                                                                                        FUNC5	
S_QALS-LIFNR	C	CHAR	 10	80	00	80	00	18	  4	 17		  0	  0	  0		  0			LIF	ALPHA	 10	  0								__________		
S_QALS-NAME1	C	CHAR	 24	80	02	80	30	00	  4	 28		  0	  0	  0		  0					 70	  0								________________________		
T_MBLNR		CHAR	 31	00	00	00	30	00	  4	 53		  0	  0	  0		  0	P				  0	  0	103							입고자재문서	                                                                                                                                                                        FUNC6	
S_QALS-MBLNR	C	CHAR	 10	80	00	80	30	00	  4	 85		  0	  0	  0		  0			MBN	ALPHA	 20	  0								__________		
T_ORIGIN		CHAR	 13	00	00	00	30	00	  5	  3		  0	  0	  0		  0	P				  0	  0	104							산지(Oringin)	                                                                                                                                                                        FUNC7	
S_ZQMT0040-ORIGIN	C	CHAR	 20	80	02	80	00	00	  5	 17		  0	  0	  0		  0					 40	  0								____________________		
T_REFNO		CHAR	 31	00	00	00	30	00	  5	 53		  0	  0	  0		  0	P				  0	  0	105							식별번호(L/C, Charge, Heat No.)	                                                                                                                                                                        FUNC8	
S_ZQMT0040-REFNO	C	CHAR	 40	80	02	80	00	00	  5	 85		  0	  0	  0		  0					 80	  0								________________________________________		
T_GRQUAN		CHAR	 13	00	00	00	30	00	  6	  3		  0	  0	  0		  0	P				  0	  0	106							입 고 량 (Kg)	                                                                                                                                                                        FUNC9	
S_QALS-LOSMENGE	P	QUAN	 17	80	00	80	30	00	  6	 17		  0	  0	  0		  0					 13	  0		S_QALS-MENGENEINH						_.___.___.___.___		
T_GRDATE		CHAR	 31	00	00	00	30	00	  6	 53		  0	  0	  0		  0	P				  0	  0	107							입 고 일 자	                                                                                                                                                                        FUNC10	
S_QALS-BUDAT	D	DATS	 10	80	00	80	30	08	  6	 85		  0	  0	  0		  0					 16	  0			BU_DATE_CHAR					__________	X	
T_QAQUAN		CHAR	 13	00	00	00	30	00	  7	  3		  0	  0	  0		  0	P				  0	  0	108							검 수 량 (Kg)	                                                                                                                                                                        FUNC11	
S_ZQMT0040-QAQUAN	P	QUAN	 17	80	00	80	00	00	  7	 17		  0	  0	  0		  0					 13	  0		S_QALS-MENGENEINH						_.___.___.___.___		
T_QADATE		CHAR	 31	00	00	00	30	00	  7	 53		  0	  0	  0		  0	P				  0	  0	109							검 사 일 자	                                                                                                                                                                        FUNC12	
S_ZQMT0040-QADATE	D	DATS	 10	80	00	80	00	08	  7	 85		  0	  0	  0		  0					 16	  0			BU_DATE_CHAR					__________	X	
T_COMP	0	CHAR	 13	00	00	00	30	00	  8	  3		  0	  0	  0		  0	P				  0	  0	110							Comp	                                                                                                                                                                        FUNC13	
S_ZQMT0030-COMP_1	C	CHAR	 12	80	00	80	30	00	  8	 17		  0	  0	  0		  0					 10	  3								____________		
S_ZQMT0030-COMP_2	C	CHAR	 12	80	00	80	30	00	  8	 30		  0	  0	  0		  0					 10	  3								____________		
S_ZQMT0030-COMP_3	C	CHAR	 12	80	00	80	30	00	  8	 43		  0	  0	  0		  0					 10	  3								____________		
S_ZQMT0030-COMP_4	C	CHAR	 12	80	00	80	30	00	  8	 56		  0	  0	  0		  0					 10	  3								____________		
S_ZQMT0030-COMP_5	C	CHAR	 12	80	00	80	30	00	  8	 69		  0	  0	  0		  0					 10	  3								____________		
S_ZQMT0030-COMP_6	C	CHAR	 12	80	00	80	30	00	  8	 82		  0	  0	  0		  0					 10	  3								____________		
S_ZQMT0030-COMP_7	C	CHAR	 12	80	00	80	30	00	  8	 95		  0	  0	  0		  0					 10	  3								____________		
S_ZQMT0030-COMP_8	C	CHAR	 12	80	00	80	30	00	  8	108		  0	  0	  0		  0					 10	  3								____________		
S_ZQMT0030-COMP_9	C	CHAR	 12	80	00	80	30	00	  8	121		  0	  0	  0		  0					 10	  3								____________		
S_ZQMT0030-COMP_10	C	CHAR	 12	80	00	80	30	00	  8	134		  0	  0	  0		  0					 10	  3								____________		
S_ZQMT0030-COMP_11	C	CHAR	 12	80	00	80	30	00	  8	147		  0	  0	  0		  0					 10	  3								____________		
S_ZQMT0030-COMP_12	C	CHAR	 12	80	00	80	30	00	  8	160		  0	  0	  0		  0					 10	  3								____________		
T_PERCENT1		CHAR	 13	00	00	00	30	00	  9	  3		  0	  0	  0		  0	P				  0	  0	111							%	                                                                                                                                                                        FUNC14	
S_ZQMT0040-COMP_1	C	CHAR	 12	80	02	80	00	00	  9	 17		  0	  0	  0		  0					 10	  3								____________		
S_ZQMT0040-COMP_2	C	CHAR	 12	80	02	80	00	00	  9	 30		  0	  0	  0		  0					 10	  3								____________		
S_ZQMT0040-COMP_3	C	CHAR	 12	80	02	80	00	00	  9	 43		  0	  0	  0		  0					 10	  3								____________		
S_ZQMT0040-COMP_4	C	CHAR	 12	80	02	80	00	00	  9	 56		  0	  0	  0		  0					 10	  3								____________		
S_ZQMT0040-COMP_5	C	CHAR	 12	80	02	80	00	00	  9	 69		  0	  0	  0		  0					 10	  3								____________		
S_ZQMT0040-COMP_6	C	CHAR	 12	80	02	80	00	00	  9	 82		  0	  0	  0		  0					 10	  3								____________		
S_ZQMT0040-COMP_7	C	CHAR	 12	80	02	80	00	00	  9	 95		  0	  0	  0		  0					 10	  3								____________		
S_ZQMT0040-COMP_8	C	CHAR	 12	80	02	80	00	00	  9	108		  0	  0	  0		  0					 10	  3								____________		
S_ZQMT0040-COMP_9	C	CHAR	 12	80	02	80	00	00	  9	121		  0	  0	  0		  0					 10	  3								____________		
S_ZQMT0040-COMP_10	C	CHAR	 12	80	02	80	00	00	  9	134		  0	  0	  0		  0					 10	  3								____________		
S_ZQMT0040-COMP_11	C	CHAR	 12	80	02	80	00	00	  9	147		  0	  0	  0		  0					 10	  3								____________		
S_ZQMT0040-COMP_12	C	CHAR	 12	80	02	80	00	00	  9	160		  0	  0	  0		  0					 10	  3								____________		
T_SPEC1		CHAR	 12	00	00	00	30	00	 10	  3		  0	  0	  0		  0	P				  0	  0	112							Spec.Min(≥)	                                                                                                                                                                        FUNC15	
S_ZQMT0030-SPEC_FR_1	C	CHAR	 12	80	00	80	30	00	 10	 17		  0	  0	  0		  0					 10	  3								____________		
S_ZQMT0030-SPEC_FR_2	C	CHAR	 12	80	00	80	30	00	 10	 30		  0	  0	  0		  0					 10	  3								____________		
S_ZQMT0030-SPEC_FR_3	C	CHAR	 12	80	00	80	30	00	 10	 43		  0	  0	  0		  0					 10	  3								____________		
S_ZQMT0030-SPEC_FR_4	C	CHAR	 12	80	00	80	30	00	 10	 56		  0	  0	  0		  0					 10	  3								____________		
S_ZQMT0030-SPEC_FR_5	C	CHAR	 12	80	00	80	30	00	 10	 69		  0	  0	  0		  0					 10	  3								____________		
S_ZQMT0030-SPEC_FR_6	C	CHAR	 12	80	00	80	30	00	 10	 82		  0	  0	  0		  0					 10	  3								____________		
S_ZQMT0030-SPEC_FR_7	C	CHAR	 12	80	00	80	30	00	 10	 95		  0	  0	  0		  0					 10	  3								____________		
S_ZQMT0030-SPEC_FR_8	C	CHAR	 12	80	00	80	30	00	 10	108		  0	  0	  0		  0					 10	  3								____________		
S_ZQMT0030-SPEC_FR_9	C	CHAR	 12	80	00	80	30	00	 10	121		  0	  0	  0		  0					 10	  3								____________		
S_ZQMT0030-SPEC_FR_10	C	CHAR	 12	80	00	80	30	00	 10	134		  0	  0	  0		  0					 10	  3								____________		
S_ZQMT0030-SPEC_FR_11	C	CHAR	 12	80	00	80	30	00	 10	147		  0	  0	  0		  0					 10	  3								____________		
S_ZQMT0030-SPEC_FR_12	C	CHAR	 12	80	00	80	30	00	 10	160		  0	  0	  0		  0					 10	  3								____________		
T_SPEC2		CHAR	 12	00	00	00	30	00	 11	  3		  0	  0	  0		  0	P				  0	  0	113							Spec.Max(≤)	                                                                                                                                                                        FUNC16	
S_ZQMT0030-SPEC_TO_1	C	CHAR	 12	80	00	80	30	00	 11	 17		  0	  0	  0		  0					 10	  3								____________		
S_ZQMT0030-SPEC_TO_2	C	CHAR	 12	80	00	80	30	00	 11	 30		  0	  0	  0		  0					 10	  3								____________		
S_ZQMT0030-SPEC_TO_3	C	CHAR	 12	80	00	80	30	00	 11	 43		  0	  0	  0		  0					 10	  3								____________		
S_ZQMT0030-SPEC_TO_4	C	CHAR	 12	80	00	80	30	00	 11	 56		  0	  0	  0		  0					 10	  3								____________		
S_ZQMT0030-SPEC_TO_5	C	CHAR	 12	80	00	80	30	00	 11	 69		  0	  0	  0		  0					 10	  3								____________		
S_ZQMT0030-SPEC_TO_6	C	CHAR	 12	80	00	80	30	00	 11	 82		  0	  0	  0		  0					 10	  3								____________		
S_ZQMT0030-SPEC_TO_7	C	CHAR	 12	80	00	80	30	00	 11	 95		  0	  0	  0		  0					 10	  3								____________		
S_ZQMT0030-SPEC_TO_8	C	CHAR	 12	80	00	80	30	00	 11	108		  0	  0	  0		  0					 10	  3								____________		
S_ZQMT0030-SPEC_TO_9	C	CHAR	 12	80	00	80	30	00	 11	121		  0	  0	  0		  0					 10	  3								____________		
S_ZQMT0030-SPEC_TO_10	C	CHAR	 12	80	00	80	30	00	 11	134		  0	  0	  0		  0					 10	  3								____________		
S_ZQMT0030-SPEC_TO_11	C	CHAR	 12	80	00	80	30	00	 11	147		  0	  0	  0		  0					 10	  3								____________		
S_ZQMT0030-SPEC_TO_12	C	CHAR	 12	80	00	80	30	00	 11	160		  0	  0	  0		  0					 10	  3								____________		
T_MESH		CHAR	 13	00	00	00	30	00	 12	  3		  0	  0	  0		  0	P				  0	  0	114							Mesh	                                                                                                                                                                        FUNC17	
T_35		CHAR	 12	00	00	00	30	00	 12	 17		  0	  0	  0		  0	P				  0	  0	115							35	                                                                                                                                                                        FUNC24	
T_50		CHAR	 12	00	00	00	30	00	 12	 30		  0	  0	  0		  0	P				  0	  0	116							50	                                                                                                                                                                        FUNC25	
T_60		CHAR	 12	00	00	00	30	00	 12	 43		  0	  0	  0		  0	P				  0	  0	117							60	                                                                                                                                                                        FUNC26	
T_100		CHAR	 12	00	00	00	30	00	 12	 56		  0	  0	  0		  0	P				  0	  0	118							100	                                                                                                                                                                        FUNC27	
T_140		CHAR	 12	00	00	00	30	00	 12	 69		  0	  0	  0		  0	P				  0	  0	119							140	                                                                                                                                                                        FUNC28	
T_M140		CHAR	 12	00	00	00	30	00	 12	 82		  0	  0	  0		  0	P				  0	  0	120							-140	                                                                                                                                                                        FUNC29	
T_200		CHAR	 12	00	00	00	30	00	 12	 95		  0	  0	  0		  0	P				  0	  0	121							200	                                                                                                                                                                        FUNC30	
T_M200		CHAR	 12	00	00	00	30	00	 12	108		  0	  0	  0		  0	P				  0	  0	122							-200	                                                                                                                                                                        FUNC31	
t_230		CHAR	 12	00	00	00	30	00	 12	121		  0	  0	  0		  0	P				  0	  0	123							230	                                                                                                                                                                        FUNC32	
T_M230		CHAR	 12	00	00	00	30	00	 12	134		  0	  0	  0		  0	P				  0	  0	124							-230	                                                                                                                                                                        FUNC33	
T_325		CHAR	 12	00	00	00	30	00	 12	147		  0	  0	  0		  0	P				  0	  0	125							325	                                                                                                                                                                        FUNC34	
T_M325		CHAR	 12	00	00	00	30	00	 12	160		  0	  0	  0		  0	P				  0	  0	126							-325	                                                                                                                                                                        FUNC35	
T_MICRONS		CHAR	 13	00	00	00	30	00	 13	  3		  0	  0	  0		  0	P				  0	  0	127							Microns	                                                                                                                                                                        FUNC18	
T_500		CHAR	 12	00	00	00	30	00	 13	 17		  0	  0	  0		  0	P				  0	  0	128							500	                                                                                                                                                                        FUNC36	
T_300		CHAR	 12	00	00	00	30	00	 13	 30		  0	  0	  0		  0	P				  0	  0	129							300	                                                                                                                                                                        FUNC37	
T_250		CHAR	 12	00	00	00	30	00	 13	 43		  0	  0	  0		  0	P				  0	  0	130							250	                                                                                                                                                                        FUNC38	
T_150		CHAR	 12	00	00	00	30	00	 13	 56		  0	  0	  0		  0	P				  0	  0	131							150	                                                                                                                                                                        FUNC39	
t_106		CHAR	 12	00	00	00	30	00	 13	 69		  0	  0	  0		  0	P				  0	  0	132							106	                                                                                                                                                                        FUNC40	
T_M106		CHAR	 12	00	00	00	30	00	 13	 82		  0	  0	  0		  0	P				  0	  0	133							-106	                                                                                                                                                                        FUNC41	
T_75		CHAR	 12	00	00	00	30	00	 13	 95		  0	  0	  0		  0	P				  0	  0	134							75	                                                                                                                                                                        FUNC42	
T_M75		CHAR	 12	00	00	00	30	00	 13	108		  0	  0	  0		  0	P				  0	  0	135							-75	                                                                                                                                                                        FUNC43	
T_63		CHAR	 12	00	00	00	30	00	 13	121		  0	  0	  0		  0	P				  0	  0	136							63	                                                                                                                                                                        FUNC44	
T_M63		CHAR	 12	00	00	00	30	00	 13	134		  0	  0	  0		  0	P				  0	  0	137							-63	                                                                                                                                                                        FUNC45	
T_45		CHAR	 12	00	00	00	30	00	 13	147		  0	  0	  0		  0	P				  0	  0	138							45	                                                                                                                                                                        FUNC46	
T_M45		CHAR	 12	00	00	00	30	00	 13	160		  0	  0	  0		  0	P				  0	  0	139							-45	                                                                                                                                                                        FUNC47	
T_PERCENT2		CHAR	 13	00	00	00	30	00	 14	  3		  0	  0	  0		  0	P				  0	  0	140							%	                                                                                                                                                                        FUNC19	
S_ZQMT0040-MESH_1	C	CHAR	 12	80	02	80	00	00	 14	 17		  0	  0	  0		  0					 10	  3								____________		
S_ZQMT0040-MESH_2	C	CHAR	 12	80	02	80	00	00	 14	 30		  0	  0	  0		  0					 10	  3								____________		
S_ZQMT0040-MESH_3	C	CHAR	 12	80	02	80	00	00	 14	 43		  0	  0	  0		  0					 10	  3								____________		
S_ZQMT0040-MESH_4	C	CHAR	 12	80	02	80	00	00	 14	 56		  0	  0	  0		  0					 10	  3								____________		
S_ZQMT0040-MESH_5	C	CHAR	 12	80	02	80	00	00	 14	 69		  0	  0	  0		  0					 10	  3								____________		
S_ZQMT0040-MESH_6	C	CHAR	 12	80	02	80	00	00	 14	 82		  0	  0	  0		  0					 10	  3								____________		
S_ZQMT0040-MESH_7	C	CHAR	 12	80	02	80	00	00	 14	 95		  0	  0	  0		  0					 10	  3								____________		
S_ZQMT0040-MESH_8	C	CHAR	 12	80	02	80	00	00	 14	108		  0	  0	  0		  0					 10	  3								____________		
S_ZQMT0040-MESH_9	C	CHAR	 12	80	02	80	00	00	 14	121		  0	  0	  0		  0					 10	  3								____________		
S_ZQMT0040-MESH_10	C	CHAR	 12	80	02	80	00	00	 14	134		  0	  0	  0		  0					 10	  3								____________		
S_ZQMT0040-MESH_11	C	CHAR	 12	80	02	80	00	00	 14	147		  0	  0	  0		  0					 10	  3								____________		
S_ZQMT0040-MESH_12	C	CHAR	 12	80	02	80	00	00	 14	160		  0	  0	  0		  0					 10	  3								____________		
T_SPEC3		CHAR	 12	00	00	00	30	00	 15	  3		  0	  0	  0		  0	P				  0	  0	141							Spec.Min(≥)	                                                                                                                                                                        FUNC20	
S_ZQMT0030-ZP35_SPEC_FR	C	CHAR	 12	80	00	80	30	00	 15	 17		  0	  0	  0		  0					 10	  3								____________		
S_ZQMT0030-ZP50_SPEC_FR	C	CHAR	 12	80	00	80	30	00	 15	 30		  0	  0	  0		  0					 10	  3								____________		
S_ZQMT0030-ZP60_SPEC_FR	C	CHAR	 12	80	00	80	30	00	 15	 43		  0	  0	  0		  0					 10	  3								____________		
S_ZQMT0030-ZP100_SPEC_FR	C	CHAR	 12	80	00	80	30	00	 15	 56		  0	  0	  0		  0					 10	  3								____________		
S_ZQMT0030-ZP140_SPEC_FR	C	CHAR	 12	80	00	80	30	00	 15	 69		  0	  0	  0		  0					 10	  3								____________		
S_ZQMT0030-ZM140_SPEC_FR	C	CHAR	 12	80	00	80	30	00	 15	 82		  0	  0	  0		  0					 10	  3								____________		
S_ZQMT0030-ZP200_SPEC_FR	C	CHAR	 12	80	00	80	30	00	 15	 95		  0	  0	  0		  0					 10	  3								____________		
S_ZQMT0030-ZM200_SPEC_FR	C	CHAR	 12	80	00	80	30	00	 15	108		  0	  0	  0		  0					 10	  3								____________		
S_ZQMT0030-ZP230_SPEC_FR	C	CHAR	 12	80	00	80	30	00	 15	121		  0	  0	  0		  0					 10	  3								____________		
S_ZQMT0030-ZM230_SPEC_FR	C	CHAR	 12	80	00	80	30	00	 15	134		  0	  0	  0		  0					 10	  3								____________		
S_ZQMT0030-ZP325_SPEC_FR	C	CHAR	 12	80	00	80	30	00	 15	147		  0	  0	  0		  0					 10	  3								____________		
S_ZQMT0030-ZM325_SPEC_FR	C	CHAR	 12	80	00	80	30	00	 15	160		  0	  0	  0		  0					 10	  3								____________		
T_SPEC4		CHAR	 12	00	00	00	30	00	 16	  3		  0	  0	  0		  0	P				  0	  0	142							Spec.Max(≤)	                                                                                                                                                                        FUNC21	
S_ZQMT0030-ZP500_SPEC_TO	C	CHAR	 12	80	00	80	30	00	 16	 17		  0	  0	  0		  0					 10	  3								____________		
S_ZQMT0030-ZP300_SPEC_TO	C	CHAR	 12	80	00	80	30	00	 16	 30		  0	  0	  0		  0					 10	  3								____________		
S_ZQMT0030-ZP250_SPEC_TO	C	CHAR	 12	80	00	80	30	00	 16	 43		  0	  0	  0		  0					 10	  3								____________		
S_ZQMT0030-ZP150_SPEC_TO	C	CHAR	 12	80	00	80	30	00	 16	 56		  0	  0	  0		  0					 10	  3								____________		
S_ZQMT0030-ZP106_SPEC_TO	C	CHAR	 12	80	00	80	30	00	 16	 69		  0	  0	  0		  0					 10	  3								____________		
S_ZQMT0030-ZM106_SPEC_TO	C	CHAR	 12	80	00	80	30	00	 16	 82		  0	  0	  0		  0					 10	  3								____________		
S_ZQMT0030-ZP75_SPEC_TO	C	CHAR	 12	80	00	80	30	00	 16	 95		  0	  0	  0		  0					 10	  3								____________		
S_ZQMT0030-ZM75_SPEC_TO	C	CHAR	 12	80	00	80	30	00	 16	108		  0	  0	  0		  0					 10	  3								____________		
S_ZQMT0030-ZP63_SPEC_TO	C	CHAR	 12	80	00	80	30	00	 16	121		  0	  0	  0		  0					 10	  3								____________		
S_ZQMT0030-ZM63_SPEC_TO	C	CHAR	 12	80	00	80	30	00	 16	134		  0	  0	  0		  0					 10	  3								____________		
S_ZQMT0030-ZP45_SPEC_TO	C	CHAR	 12	80	00	80	30	00	 16	147		  0	  0	  0		  0					 10	  3								____________		
S_ZQMT0030-ZM45_SPEC_TO	C	CHAR	 12	80	00	80	30	00	 16	160		  0	  0	  0		  0					 10	  3								____________		
T_SPNAME		CHAR	 13	00	00	00	30	00	 17	  3		  0	  0	  0		  0	P				  0	  0	143							Spec Name	                                                                                                                                                                        FUNC22	
S_ZQMT0030-SPECNAME	C	CHAR	 20	80	00	80	30	00	 17	 17		  0	  0	  0		  0					 40	  0								____________________		
T_RNO		CHAR	 13	00	00	00	30	00	 17	 38		  0	  0	  0		  0	P				  0	  0	144							Revision No.	                                                                                                                                                                        FUNC48	
S_ZQMT0030-REVNO	C	CHAR	 20	80	00	80	30	00	 17	 52		  0	  0	  0		  0					 40	  0								____________________		
T_RDATE		CHAR	 14	00	00	00	30	00	 17	 73		  0	  0	  0		  0	P				  0	  0	145							Revision Date.	                                                                                                                                                                        FUNC49	
S_ZQMT0030-REVDATE	D	DATS	 10	80	00	80	30	00	 17	 88		  0	  0	  0		  0					 16	  0								__________	X	
T_INSP		CHAR	 13	00	00	00	30	00	 18	  3		  0	  0	  0		  0	P				  0	  0	146							검사자	                                                                                                                                                                        FUNC23	
S_ZQMT0040-QANAME	C	CHAR	 20	80	00	80	00	00	 18	 17		  0	  0	  0		  0					 40	  0								____________________		
T_PROV		CHAR	 22	00	00	00	30	00	 18	 38		  0	  0	  0		  0	P				  0	  0	147							공급자 성적증명서 번호	                                                                                                                                                                        FUNC50	
S_ZQMT0040-LFNO	C	CHAR	 40	80	00	80	00	00	 18	 61		  0	  0	  0		  0					 80	  0								________________________________________		
T_FECODTXT		CHAR	 13	00	00	00	30	00	 19	  3		  0	  0	  0		  0	P				  0	  0	148							부적합 사유	                                                                                                                                                                        FUNC51	
S_ZQMT0040-FECODTXT	C	CHAR	 20	80	00	80	00	00	 19	 17		  0	  0	  0		  0					  0	  0								____________________		
T_ACTIVITY		CHAR	 22	00	00	00	30	00	 19	 38		  0	  0	  0		  0	P				  0	  0	149							조치사항	                                                                                                                                                                        FUNC52	
S_ZQMT0040-ACTIVITY	C	CHAR	 40	80	00	80	00	00	 19	 61		  0	  0	  0		  0					  0	  0								________________________________________		
T_BIGO		CHAR	 98	00	00	00	30	00	 20	  3		  0	  0	  0		  0	P				  0	  0	150							비 고	                                                                                                                                                                        FUNC51	
CON			 98	00	00	00	30	00	 21	  3		  0	  0	  0		 10	U				  1	  1	151									
OK_CODE		CHAR	 20	80	10	00	00	00	255	  1	O	  0	  0	  0		  0					  0	  0								____________________		
%_FLOWLOGIC																																
																																
PROCESS BEFORE OUTPUT.																																
  MODULE status.																																
  MODULE alv_display.																																
  module screen_modify.																																
																																
PROCESS AFTER INPUT.																																
  MODULE exit_command AT EXIT-COMMAND.																																
																																
  chain.																																
    field : S_QALS-LIFNR																																
    module get_name1.																																
  endchain.																																
																																
  MODULE user_command.																																
