****************************************************************																																
*   THIS FILE WAS GENERATED BY DIRECT DOWNLOAD ENTERPRISE.     *																																
*   PLEASE DO NOT CHANGE IT MANUALLY.                          *																																
****************************************************************																																
%_DYNPRO																																
ZSDR0170																																
0200																																
731																																
                40																																
%_HEADER																																
ZSDR0170                                0200 0200     30121192 37  0  0 30122  0G 3                              20130212111813																																
%_DESCRIPTION																																
0200																																
%_FIELDS																																
%#AUTOTEXT001		CHAR	121	00	00	00	30	00	  1	  2		  0	  0	  0		 18	R				  0	  0	101							제품 개선/개발 신청서		
ZSDT0170-RTYPE	0	CHAR	 15	30	00	01	30	00	  2	  4		  0	  0	  0		  0					  0	  0								구분	                                                                                                                                                                                                                                                        X	
ZSDT0170-RTYPE	C	CHAR	  1	A0	00	81	00	18	  2	 20		  0	  0	  0		 14					  2	  0				CU				_	XDL K                                  00	
ZSDT0170-QMSTS	2	CHAR	 15	30	00	01	30	00	  2	 64		  0	  0	  0		  0					  0	  0								진행상태	                                                                                                                                                                                                                                                        X	
ZSDT0170-QMSTS	C	CHAR	 16	B0	00	81	00	18	  2	 80		  0	  0	  0		 18					  2	  0				RA				________________	XDL K                                  00	
ZSDT0170-SPCODE	2	CHAR	 15	30	00	00	30	00	  3	  4		  0	  0	  0		  0					  0	  0								영업사원	                                                                                                                                                                                                                                                        X	
ZSDT0170-SPCODE	C	CHAR	 10	A0	00	80	00	08	  3	 20		  0	  0	  0		  0				ALPHA	 20	  0				CU				__________	X                                      00	
ZSDT0170-VKBUR	0	CHAR	 15	30	00	04	30	00	  3	 64		  0	  0	  0		  0			VKB		  0	  0								사업장	                                                                                                                                                                                                                                                        X	
ZSDT0170-VKBUR	C	CHAR	  4	A0	00	84	00	08	  3	 80		  0	  0	  0		  0			VKB		  8	  0				CU				____	X                                      00	
TVKBT-BEZEI	C	CHAR	 20	A0	02	80	30	00	  3	 85		  0	  0	  0		  0					 40	  0								____________________	                                       00	
ZSDT0170-KUNNR	0	CHAR	 15	30	00	00	30	00	  4	  4		  0	  0	  0		  0			KUN		  0	  0								거래처	                                                                                                                                                                                                                                                        X	
ZSDT0170-KUNNR	C	CHAR	 10	A0	00	80	00	08	  4	 20		  0	  0	  0		  0			KUN	ALPHA	 20	  0				CU				__________	X                                      00	
ZSDT0170-CUSTNM	0	CHAR	 15	30	02	00	30	00	  4	 64		  0	  0	  0		  0					  0	  0								거래처명	                                                                                                                                                                                                                                                        X	
ZSDT0170-CUSTNM	C	CHAR	 35	A0	02	80	00	00	  4	 80		  0	  0	  0		  0					 70	  0				CU				___________________________________	                                       00	
ZSDT0170-MATKL	2	CHAR	 15	30	00	00	30	00	  5	  4		  0	  0	  0		  0			MKL		  0	  0								자재 그룹	                                                                                                                                                                                                                                                        X	
ZSDT0170-MATKL	C	CHAR	  9	A0	00	80	00	08	  5	 20		  0	  0	  0		  0			MKL		 18	  0				CU				_________	X                                      00	
ZSDT0170-MATNR	0	CHAR	 15	30	00	00	30	00	  5	 64		  0	  0	  0		  0			MAT		  0	  0								자재번호	                                                                                                                                                                                                                                                        X	
ZSDT0170-MATNR	C	CHAR	 18	A0	00	80	00	08	  5	 80		  0	  0	  0		  0			MAT	MATN1	 36	  0				CU				__________________	X                                      00	
ZSDT0170-RQDAT	2	CHAR	 15	30	00	00	30	00	  6	  4		  0	  0	  0		  0					  0	  0								완료요청일자	                                                                                                                                                                                                                                                        X	
ZSDT0170-RQDAT	D	DATE	 10	A0	00	80	00	08	  6	 20		  0	  0	  0		  0					 16	  0				CU				__________	X                                      00	
ZSDT0170-MAKTX	0	CHAR	 15	30	02	00	30	00	  6	 64		  0	  0	  0		  0					  0	  0								자재명	                                                                                                                                                                                                                                                        X	
ZSDT0170-MAKTX	C	CHAR	 40	A0	02	80	00	00	  6	 80		  0	  0	  0		  0					 80	  0				CU				________________________________________	                                       00	
ZSDT0170-APPNM	0	CHAR	 15	30	00	00	30	00	  7	  4		  0	  0	  0		  0					  0	  0								적용 개소	                                                                                                                                                                                                                                                        X	
ZSDT0170-APPNM	C	CHAR	 20	A0	00	80	00	00	  7	 20		  0	  0	  0		  0					 40	  0				CU				____________________	                                       00	
ZSDT0170-GROES	0	CHAR	 15	30	00	00	30	00	  7	 64		  0	  0	  0		  0					  0	  0								규격	                                                                                                                                                                                                                                                        X	
ZSDT0170-GROES	C	CHAR	 32	A0	00	80	00	00	  7	 80		  0	  0	  0		  0					 64	  0				CU				________________________________	                                       00	
ZSDT0170-CMPNM	2	CHAR	 15	30	00	00	30	00	  8	  4		  0	  0	  0		  0					  0	  0								경쟁사명	                                                                                                                                                                                                                                                        X	
ZSDT0170-CMPNM	C	CHAR	 40	A0	00	80	00	00	  8	 20		  0	  0	  0		  0					 80	  0				CU				________________________________________	                                       00	
ZSDT0170-CMPAT	0	CHAR	 15	30	00	00	30	00	  8	 64		  0	  0	  0		  0					  0	  0								경쟁사 제품명	                                                                                                                                                                                                                                                        X	
ZSDT0170-CMPAT	C	CHAR	 40	A0	00	80	00	00	  8	 80		  0	  0	  0		  0					 80	  0				CU				________________________________________	                                       00	
ZSDT0170-MSIZE	2	CHAR	 15	30	00	00	30	00	  9	  4		  0	  0	  0		  0					  0	  0								시장규모(월)	                                                                                                                                                                                                                                                        X	
ZSDT0170-MSIZE	C	CHAR	 40	A0	00	80	00	00	  9	 20		  0	  0	  0		  0					 80	  0				CU				________________________________________	                                       00	
ZSDT0170-FSIZE	2	CHAR	 15	30	00	00	30	00	  9	 64		  0	  0	  0		  0					  0	  0								판매예상량(월)	                                                                                                                                                                                                                                                        X	
ZSDT0170-FSIZE	C	CHAR	 40	A0	00	80	00	00	  9	 80		  0	  0	  0		  0					 80	  0				CU				________________________________________	                                       00	
ZSDT0170-FPRICE	0	CHAR	 15	30	00	00	30	00	 10	  4		  0	  0	  0		  0					  0	  0								예상 판매가	                                                                                                                                                                                                                                                        X	
ZSDT0170-FPRICE	P	CURR	 14	A0	00	80	00	00	 10	 20		  0	  0	  0		  0					 11	  2		ZSDT0170-WAERS		CU				______________	                                       00	
ZSDT0170-WAERS	2	CHAR	 15	30	00	00	30	00	 10	 64		  0	  0	  0		  0					  0	  0								통화	                                                                                                                                                                                                                                                        X	
ZSDT0170-WAERS	C	CUKY	  5	A0	00	80	00	00	 10	 80		  0	  0	  0		  0					 10	  0				CU				_____	                                       00	
ZSDT0170-AMEMO1	2	CHAR	 15	30	00	00	30	00	 11	  4		  0	  0	  0		  0					  0	  0								개발요청사항1	                                                                                                                                                                                                                                                        X	
ZSDT0170-AMEMO1	C	CHAR	100	A0	00	80	00	00	 11	 20		  0	  0	  0		  0					200	  0				CU				____________________________________________________________________________________________________	                                       00	
ZSDT0170-AMEMO2	2	CHAR	 15	30	00	00	30	00	 12	  4		  0	  0	  0		  0					  0	  0								개발요청사항2	                                                                                                                                                                                                                                                        X	
ZSDT0170-AMEMO2	C	CHAR	100	A0	00	80	00	00	 12	 20		  0	  0	  0		  0					200	  0				CU				____________________________________________________________________________________________________	                                       00	
ZSDT0170-AMEMO3	2	CHAR	 15	30	00	00	30	00	 13	  4		  0	  0	  0		  0					  0	  0								개발요청사항3	                                                                                                                                                                                                                                                        X	
ZSDT0170-AMEMO3	C	CHAR	100	A0	00	80	00	00	 13	 20		  0	  0	  0		  0					200	  0				CU				____________________________________________________________________________________________________	                                       00	
ZSDT0170-BMEMO1	2	CHAR	 15	30	00	00	30	00	 14	  4		  0	  0	  0		  0					  0	  0								판매애로사항1	                                                                                                                                                                                                                                                        X	
ZSDT0170-BMEMO1	C	CHAR	100	A0	00	80	00	00	 14	 20		  0	  0	  0		  0					200	  0				CU				____________________________________________________________________________________________________	                                       00	
ZSDT0170-BMEMO2	2	CHAR	 15	30	00	00	30	00	 15	  4		  0	  0	  0		  0					  0	  0								판매애로사항2	                                                                                                                                                                                                                                                        X	
ZSDT0170-BMEMO2	C	CHAR	100	A0	00	80	00	00	 15	 20		  0	  0	  0		  0					200	  0				CU				____________________________________________________________________________________________________	                                       00	
ZSDT0170-BMEMO3	2	CHAR	 15	30	00	00	30	00	 16	  4		  0	  0	  0		  0					  0	  0								판매애로사항3	                                                                                                                                                                                                                                                        X	
ZSDT0170-BMEMO3	C	CHAR	100	A0	00	80	00	00	 16	 20		  0	  0	  0		  0					200	  0				CU				____________________________________________________________________________________________________	                                       00	
ZSDT0170-REMARK	2	CHAR	 15	30	00	00	30	00	 17	  4		  0	  0	  0		  0					  0	  0								비고	                                                                                                                                                                                                                                                        X	
ZSDT0170-REMARK	C	CHAR	100	A0	00	80	00	00	 17	 20		  0	  0	  0		  0					200	  0				CU				____________________________________________________________________________________________________	                                       00	
%#AUTOTEXT002		CHAR	121	00	00	00	30	00	 19	  2		  0	  0	  0		  6	R				  0	  0	102							개선/개발 접수 및 결과등록		
ZSDT0170-QMDAT	2	CHAR	 15	30	00	00	30	00	 20	  4		  0	  0	  0		  0					  0	  0								접수일자	                                                                                                                                                                                                                                                        X	
ZSDT0170-QMDAT	D	DATE	 10	A0	00	80	00	08	 20	 20		  0	  0	  0		  0					 16	  0				RE				__________	X                                      00	
ZSDT0170-FQDAT	0	CHAR	 13	30	00	00	30	00	 20	 33		  0	  0	  0		  0					  0	  0								예상완료일자	                                                                                                                                                                                                                                                        X	
ZSDT0170-FQDAT	D	DATE	 10	A0	00	80	00	08	 20	 47		  0	  0	  0		  0					 16	  0				RE				__________	X                                      00	
ZSDT0170-CPDAT	0	CHAR	  9	30	00	00	30	00	 20	 61		  0	  0	  0		  0					  0	  0								완료일자	                                                                                                                                                                                                                                                        X	
ZSDT0170-CPDAT	D	DATE	 10	A0	00	80	00	08	 20	 71		  0	  0	  0		  0					 16	  0				RE				__________	X                                      00	
ZSDT0170-REPNM	0	CHAR	 15	30	00	00	30	00	 20	 84		  0	  0	  0		  0					  0	  0								연구소 담당자	                                                                                                                                                                                                                                                        X	
ZSDT0170-REPNM	C	CHAR	 20	A0	00	80	00	00	 20	100		  0	  0	  0		  0					 40	  0				RE				____________________	                                       00	
ZSDT0170-CMEMO1	2	CHAR	 15	30	00	00	30	00	 21	  4		  0	  0	  0		  0					  0	  0								처리결과1	                                                                                                                                                                                                                                                        X	
ZSDT0170-CMEMO1	C	CHAR	100	A0	00	80	00	00	 21	 20		  0	  0	  0		  0					200	  0				RE				____________________________________________________________________________________________________	                                       00	
ZSDT0170-CMEMO2	2	CHAR	 15	30	00	00	30	00	 22	  4		  0	  0	  0		  0					  0	  0								처리결과2	                                                                                                                                                                                                                                                        X	
ZSDT0170-CMEMO2	C	CHAR	100	A0	00	80	00	00	 22	 20		  0	  0	  0		  0					200	  0				RE				____________________________________________________________________________________________________	                                       00	
ZSDT0170-CMEMO3	2	CHAR	 15	30	00	00	30	00	 23	  4		  0	  0	  0		  0					  0	  0								처리결과3	                                                                                                                                                                                                                                                        X	
ZSDT0170-CMEMO3	C	CHAR	100	A0	00	80	00	00	 23	 20		  0	  0	  0		  0					200	  0				RE				____________________________________________________________________________________________________	                                       00	
%#AUTOTEXT003		CHAR	121	00	00	00	30	00	 25	  2		  0	  0	  0		  6	R				  0	  0	103							고객평가등록		
ZSDT0170-EVDAT	2	CHAR	 15	30	00	00	30	00	 26	  4		  0	  0	  0		  0					  0	  0								고객평가일자	                                                                                                                                                                                                                                                        X	
ZSDT0170-EVDAT	D	DATE	 10	A0	00	80	00	08	 26	 20		  0	  0	  0		  0					 16	  0				AP				__________	X                                      00	
ZSDT0170-DMEMO1	0	CHAR	 15	30	00	00	30	00	 27	  4		  0	  0	  0		  0					  0	  0								평가결과1	                                                                                                                                                                                                                                                        X	
ZSDT0170-DMEMO1	C	CHAR	100	A0	00	80	00	00	 27	 20		  0	  0	  0		  0					200	  0				AP				____________________________________________________________________________________________________	                                       00	
ZSDT0170-DMEMO2	0	CHAR	 15	30	00	00	30	00	 28	  4		  0	  0	  0		  0					  0	  0								평가결과2	                                                                                                                                                                                                                                                        X	
ZSDT0170-DMEMO2	C	CHAR	100	A0	00	80	00	00	 28	 20		  0	  0	  0		  0					200	  0				AP				____________________________________________________________________________________________________	                                       00	
ZSDT0170-DMEMO3	0	CHAR	 15	30	00	00	30	00	 29	  4		  0	  0	  0		  0					  0	  0								평가결과3	                                                                                                                                                                                                                                                        X	
ZSDT0170-DMEMO3	C	CHAR	100	A0	00	80	00	00	 29	 20		  0	  0	  0		  0					200	  0				AP				____________________________________________________________________________________________________	                                       00	
GV_OK_CODE		CHAR	 20	80	10	00	00	00	255	  1	O	  0	  0	  0		  0					  0	  0								____________________		
%_FLOWLOGIC																																
																																
PROCESS BEFORE OUTPUT.																																
  MODULE status_0200.																																
  MODULE screen_0200.																																
																																
PROCESS AFTER INPUT.																																
  MODULE exit_0200  AT EXIT-COMMAND.																																
  FIELD zsdt0170-vkbur MODULE set_input_vkbur_0200 ON REQUEST.																																
  FIELD zsdt0170-kunnr MODULE set_input_kunnr_0200 ON REQUEST.																																
  FIELD zsdt0170-matnr MODULE set_input_matnr_0200 ON REQUEST.																																
  MODULE user_command_0200.																																
